/*--------------------------------*- C++ -*----------------------------------*\
| =========                 |                                                 |
| \\      /  F ield         | OpenFOAM: The Open Source CFD Toolbox           |
|  \\    /   O peration     | Version:  2406                                  |
|   \\  /    A nd           | Website:  www.openfoam.com                      |
|    \\/     M anipulation  |                                                 |
\*---------------------------------------------------------------------------*/
FoamFile
{
    version     2.0;
    format      ascii;
    arch        "LSB;label=32;scalar=64";
    class       volVectorField;
    location    "62";
    object      U;
}
// * * * * * * * * * * * * * * * * * * * * * * * * * * * * * * * * * * * * * //

dimensions      [0 1 -1 0 0 0 0];

internalField   nonuniform List<vector> 
1900
(
(9.35593 0.345693 0)
(8.5859 0.649428 0)
(7.77338 0.631785 0)
(6.88524 0.487486 0)
(6.13598 0.328914 0)
(5.59729 0.192125 0)
(5.23101 0.0840876 0)
(5.00032 0.000125765 0)
(4.90933 -0.0698893 0)
(4.86473 -0.281205 0)
(10.218 0.490503 0)
(10.7266 0.994356 0)
(11.0322 1.10528 0)
(11.0932 1.04194 0)
(11.0149 0.906638 0)
(10.8843 0.73352 0)
(10.7427 0.544017 0)
(10.6139 0.350442 0)
(10.5218 0.154566 0)
(10.4503 -0.0762204 0)
(10.0252 0.191247 0)
(10.2642 0.440777 0)
(10.6375 0.552256 0)
(11.0183 0.58629 0)
(11.3448 0.567351 0)
(11.6067 0.498098 0)
(11.8079 0.387436 0)
(11.9548 0.246998 0)
(12.0558 0.083767 0)
(12.1097 -0.106889 0)
(10.0104 0.0705882 0)
(10.1295 0.189792 0)
(10.3645 0.254796 0)
(10.6575 0.272114 0)
(10.9574 0.255652 0)
(11.2439 0.210045 0)
(11.5069 0.138075 0)
(11.7366 0.0438024 0)
(11.9244 -0.0689135 0)
(12.0676 -0.197046 0)
(10.0106 0.0137033 0)
(10.1068 0.0385843 0)
(10.2941 0.0455408 0)
(10.5364 0.0315496 0)
(10.7934 0.00154184 0)
(11.047 -0.0417243 0)
(11.2889 -0.0976349 0)
(11.5109 -0.165596 0)
(11.705 -0.244646 0)
(11.8656 -0.332917 0)
(10.0105 -0.0366081 0)
(10.1053 -0.10868 0)
(10.2901 -0.166817 0)
(10.529 -0.210879 0)
(10.7825 -0.248718 0)
(11.033 -0.285843 0)
(11.273 -0.325421 0)
(11.4944 -0.370099 0)
(11.6898 -0.42143 0)
(11.8546 -0.478935 0)
(10.0098 -0.0921278 0)
(10.1252 -0.255822 0)
(10.3547 -0.369879 0)
(10.6416 -0.444443 0)
(10.9356 -0.496456 0)
(11.2156 -0.532953 0)
(11.4703 -0.559017 0)
(11.6889 -0.581072 0)
(11.8645 -0.603909 0)
(11.9952 -0.629196 0)
(10.0246 -0.211439 0)
(10.2619 -0.504551 0)
(10.6308 -0.666047 0)
(11.0005 -0.757907 0)
(11.3046 -0.804975 0)
(11.5278 -0.811271 0)
(11.6697 -0.788772 0)
(11.7354 -0.754212 0)
(11.7347 -0.71941 0)
(11.6789 -0.68961 0)
(10.2196 -0.508886 0)
(10.7216 -1.04797 0)
(11.0009 -1.19436 0)
(11.0091 -1.16719 0)
(10.8476 -1.06952 0)
(10.6003 -0.938264 0)
(10.304 -0.799452 0)
(9.97935 -0.672868 0)
(9.64356 -0.567797 0)
(9.30789 -0.485537 0)
(9.35047 -0.354296 0)
(8.55151 -0.67169 0)
(7.68537 -0.663846 0)
(6.71998 -0.526487 0)
(5.87334 -0.374352 0)
(5.21615 -0.246438 0)
(4.70358 -0.152533 0)
(4.29195 -0.091281 0)
(3.95909 -0.0554637 0)
(3.68702 -0.0365502 0)
(0.00048805 -0.000692317 0)
(-0.0127012 0.00307775 0)
(-0.0396971 0.00556785 0)
(-0.0740099 0.0064103 0)
(-0.110522 0.0066744 0)
(-0.14744 0.00682226 0)
(-0.184365 0.00698434 0)
(-0.221247 0.00716976 0)
(-0.258062 0.00735912 0)
(-0.29475 0.00753658 0)
(-0.331226 0.00769522 0)
(-0.367391 0.00783199 0)
(-0.403146 0.00794983 0)
(-0.438392 0.0080517 0)
(-0.473026 0.00813849 0)
(-0.506932 0.00821125 0)
(-0.539977 0.00826929 0)
(-0.572001 0.00830705 0)
(-0.602811 0.00831672 0)
(-0.632172 0.00828587 0)
(-0.659805 0.00820222 0)
(-0.685393 0.00805175 0)
(-0.708576 0.00781978 0)
(-0.728966 0.0074901 0)
(-0.746151 0.00704767 0)
(-0.759706 0.00647697 0)
(-0.769206 0.00576788 0)
(-0.774245 0.00491769 0)
(-0.774437 0.00393369 0)
(-0.769444 0.00282775 0)
(-0.759005 0.0016099 0)
(-0.742936 0.000297583 0)
(-0.721144 -0.00108807 0)
(-0.693641 -0.00251538 0)
(-0.660547 -0.0039517 0)
(-0.622091 -0.00536374 0)
(-0.578601 -0.00672165 0)
(-0.530501 -0.00799131 0)
(-0.478299 -0.00914143 0)
(-0.42257 -0.0101473 0)
(-0.363941 -0.0109897 0)
(-0.303074 -0.0116515 0)
(-0.240655 -0.0121241 0)
(-0.177353 -0.0124197 0)
(-0.113816 -0.0125442 0)
(-0.0506826 -0.0124932 0)
(0.0114665 -0.0122647 0)
(0.0721432 -0.011873 0)
(0.130897 -0.01136 0)
(0.187316 -0.0107559 0)
(0.241067 -0.0100812 0)
(0.291892 -0.00935595 0)
(0.339597 -0.00859915 0)
(0.384052 -0.00782849 0)
(0.425184 -0.00705943 0)
(0.462977 -0.00630544 0)
(0.497458 -0.00557756 0)
(0.528696 -0.00488472 0)
(0.556798 -0.0042336 0)
(0.581893 -0.00362898 0)
(0.604137 -0.00307377 0)
(0.623701 -0.00256937 0)
(0.640764 -0.00211584 0)
(0.655517 -0.00171219 0)
(0.668147 -0.00135656 0)
(0.678845 -0.00104644 0)
(0.687796 -0.000778864 0)
(0.695178 -0.000550561 0)
(0.701162 -0.000358094 0)
(0.705909 -0.000197979 0)
(0.709569 -6.67709e-05 0)
(0.712282 3.88915e-05 0)
(0.714177 0.00012221 0)
(0.715369 0.000186197 0)
(0.715965 0.00023365 0)
(0.716058 0.000267121 0)
(0.715733 0.000288825 0)
(0.715065 0.000300736 0)
(0.714118 0.000304625 0)
(0.71295 0.00030213 0)
(0.71161 0.00029474 0)
(0.71014 0.000283957 0)
(0.708576 0.00027119 0)
(0.706943 0.000257987 0)
(0.705263 0.000245813 0)
(0.703547 0.000238656 0)
(0.701801 0.000237054 0)
(0.700011 0.000257989 0)
(0.698162 0.000265351 0)
(0.695044 0.00115781 0)
(-0.00530386 0.0140208 0)
(-0.0536182 0.0443076 0)
(-0.129098 0.0632164 0)
(-0.218234 0.0711061 0)
(-0.310796 0.0734957 0)
(-0.403045 0.0738672 0)
(-0.493748 0.0736547 0)
(-0.582449 0.0732652 0)
(-0.668911 0.0727405 0)
(-0.752934 0.0720505 0)
(-0.834317 0.0711739 0)
(-0.912857 0.0701058 0)
(-0.988349 0.0688455 0)
(-1.06057 0.0673873 0)
(-1.12928 0.0657146 0)
(-1.19419 0.0637974 0)
(-1.25499 0.0615904 0)
(-1.31129 0.059036 0)
(-1.36263 0.0560635 0)
(-1.40851 0.0525977 0)
(-1.44836 0.0485634 0)
(-1.48155 0.0438918 0)
(-1.50744 0.0385232 0)
(-1.52537 0.0324127 0)
(-1.53468 0.0255352 0)
(-1.53478 0.0178897 0)
(-1.5251 0.00951719 0)
(-1.50518 0.000479558 0)
(-1.47472 -0.0091454 0)
(-1.43349 -0.0192437 0)
(-1.38141 -0.0296705 0)
(-1.31856 -0.0402622 0)
(-1.24517 -0.0508367 0)
(-1.16165 -0.0612005 0)
(-1.06855 -0.0711643 0)
(-0.966602 -0.08055 0)
(-0.856617 -0.0891885 0)
(-0.739534 -0.0969277 0)
(-0.616379 -0.103646 0)
(-0.488235 -0.109266 0)
(-0.356227 -0.113716 0)
(-0.221513 -0.116946 0)
(-0.0852621 -0.118975 0)
(0.0514305 -0.119818 0)
(0.187611 -0.119519 0)
(0.322314 -0.118161 0)
(0.454578 -0.115821 0)
(0.583564 -0.112584 0)
(0.708533 -0.108572 0)
(0.828837 -0.103915 0)
(0.94393 -0.0987325 0)
(1.05337 -0.0931399 0)
(1.1568 -0.0872507 0)
(1.25398 -0.081172 0)
(1.34475 -0.0750026 0)
(1.42902 -0.0688321 0)
(1.50681 -0.0627397 0)
(1.57818 -0.056794 0)
(1.64326 -0.0510524 0)
(1.70225 -0.0455619 0)
(1.75535 -0.0403589 0)
(1.80286 -0.0354705 0)
(1.84504 -0.0309148 0)
(1.88223 -0.0267021 0)
(1.91475 -0.0228357 0)
(1.94293 -0.0193129 0)
(1.96711 -0.0161263 0)
(1.98763 -0.0132641 0)
(2.00482 -0.0107117 0)
(2.019 -0.00845178 0)
(2.03047 -0.00646558 0)
(2.03952 -0.00473314 0)
(2.04642 -0.00323397 0)
(2.05144 -0.00194743 0)
(2.05481 -0.000853099 0)
(2.05674 6.89873e-05 0)
(2.05744 0.000837634 0)
(2.05708 0.00147003 0)
(2.05583 0.00198212 0)
(2.05383 0.00238934 0)
(2.05122 0.00270638 0)
(2.0481 0.00294734 0)
(2.04457 0.00312573 0)
(2.04071 0.00325468 0)
(2.0366 0.00334756 0)
(2.03229 0.00342 0)
(2.02782 0.00348807 0)
(2.02319 0.00360317 0)
(2.01876 0.00375686 0)
(2.01214 0.00503963 0)
(-0.0118555 0.0533152 0)
(-0.0964157 0.128369 0)
(-0.214027 0.168712 0)
(-0.345069 0.184138 0)
(-0.476317 0.187275 0)
(-0.603518 0.185515 0)
(-0.725193 0.182031 0)
(-0.840751 0.177878 0)
(-0.949934 0.173308 0)
(-1.0526 0.16835 0)
(-1.14862 0.162999 0)
(-1.23787 0.157248 0)
(-1.32021 0.151078 0)
(-1.39545 0.144457 0)
(-1.46336 0.137325 0)
(-1.52366 0.129597 0)
(-1.57599 0.121167 0)
(-1.61997 0.111908 0)
(-1.65513 0.101684 0)
(-1.68096 0.0903604 0)
(-1.69692 0.0778178 0)
(-1.70247 0.0639621 0)
(-1.69706 0.0487348 0)
(-1.68023 0.0321259 0)
(-1.65151 0.0141982 0)
(-1.61062 -0.00494813 0)
(-1.55743 -0.0251731 0)
(-1.49189 -0.0462897 0)
(-1.41403 -0.0680763 0)
(-1.32404 -0.0902717 0)
(-1.22227 -0.11257 0)
(-1.10919 -0.134639 0)
(-0.985447 -0.15614 0)
(-0.851796 -0.176726 0)
(-0.709149 -0.196069 0)
(-0.558521 -0.213874 0)
(-0.400995 -0.229891 0)
(-0.237715 -0.243904 0)
(-0.0698959 -0.25574 0)
(0.101211 -0.26525 0)
(0.274511 -0.272367 0)
(0.448909 -0.277105 0)
(0.623218 -0.279508 0)
(0.79635 -0.279628 0)
(0.967302 -0.277569 0)
(1.13513 -0.273492 0)
(1.29897 -0.267567 0)
(1.45804 -0.259977 0)
(1.61166 -0.250926 0)
(1.75927 -0.240628 0)
(1.90038 -0.2293 0)
(2.03459 -0.217157 0)
(2.16162 -0.204406 0)
(2.28125 -0.191247 0)
(2.39335 -0.177865 0)
(2.49788 -0.164431 0)
(2.59485 -0.151099 0)
(2.68435 -0.138003 0)
(2.76652 -0.125261 0)
(2.84154 -0.112971 0)
(2.90966 -0.101215 0)
(2.97113 -0.0900562 0)
(3.02626 -0.0795415 0)
(3.07537 -0.0697037 0)
(3.1188 -0.0605619 0)
(3.15689 -0.0521231 0)
(3.19002 -0.0443838 0)
(3.21852 -0.0373315 0)
(3.24277 -0.0309463 0)
(3.26312 -0.0252019 0)
(3.2799 -0.0200673 0)
(3.29345 -0.0155079 0)
(3.30408 -0.0114865 0)
(3.3121 -0.00796416 0)
(3.31778 -0.00490119 0)
(3.32141 -0.00225784 0)
(3.32321 5.1155e-06 0)
(3.32343 0.00192427 0)
(3.32226 0.0035344 0)
(3.31991 0.00486981 0)
(3.31655 0.00596376 0)
(3.31233 0.0068482 0)
(3.30739 0.00755355 0)
(3.30186 0.00810903 0)
(3.29583 0.00854256 0)
(3.28939 0.00888424 0)
(3.28266 0.00915748 0)
(3.27555 0.00944239 0)
(3.26902 0.00962584 0)
(3.25889 0.0110537 0)
(-0.0180005 0.116155 0)
(-0.133813 0.250054 0)
(-0.282121 0.311587 0)
(-0.437814 0.330217 0)
(-0.586151 0.328937 0)
(-0.723606 0.319791 0)
(-0.849314 0.307859 0)
(-0.963172 0.294922 0)
(-1.06538 0.281486 0)
(-1.15621 0.267645 0)
(-1.2359 0.253396 0)
(-1.30465 0.238699 0)
(-1.36256 0.223487 0)
(-1.40967 0.207671 0)
(-1.44596 0.191131 0)
(-1.47133 0.173715 0)
(-1.4856 0.15526 0)
(-1.48859 0.135589 0)
(-1.48003 0.114528 0)
(-1.45968 0.0919174 0)
(-1.42727 0.0676357 0)
(-1.38258 0.0416279 0)
(-1.3254 0.0139342 0)
(-1.25576 -0.0153586 0)
(-1.17377 -0.0460994 0)
(-1.07956 -0.0780638 0)
(-0.973342 -0.110962 0)
(-0.855466 -0.144502 0)
(-0.726408 -0.178362 0)
(-0.586753 -0.212145 0)
(-0.437205 -0.245415 0)
(-0.278584 -0.277714 0)
(-0.111791 -0.308588 0)
(0.0620609 -0.33757 0)
(0.241902 -0.364256 0)
(0.426747 -0.388318 0)
(0.615475 -0.40945 0)
(0.806952 -0.4274 0)
(1.00004 -0.441988 0)
(1.19364 -0.453093 0)
(1.38667 -0.460677 0)
(1.57811 -0.464782 0)
(1.76697 -0.46549 0)
(1.95234 -0.462931 0)
(2.1334 -0.457288 0)
(2.30943 -0.448792 0)
(2.47978 -0.437704 0)
(2.64388 -0.424305 0)
(2.80126 -0.408894 0)
(2.95155 -0.391777 0)
(3.09445 -0.373262 0)
(3.22973 -0.353651 0)
(3.35726 -0.333235 0)
(3.47697 -0.31229 0)
(3.58886 -0.291075 0)
(3.69296 -0.269826 0)
(3.7894 -0.248755 0)
(3.87833 -0.228052 0)
(3.95993 -0.20788 0)
(4.03444 -0.188379 0)
(4.10212 -0.169666 0)
(4.16324 -0.151831 0)
(4.21812 -0.134947 0)
(4.26706 -0.119064 0)
(4.31039 -0.104213 0)
(4.34845 -0.0904126 0)
(4.38157 -0.0776619 0)
(4.41008 -0.0659499 0)
(4.43432 -0.0552539 0)
(4.45461 -0.045542 0)
(4.47127 -0.0367748 0)
(4.48461 -0.0289068 0)
(4.49492 -0.021888 0)
(4.50249 -0.015665 0)
(4.50759 -0.0101826 0)
(4.51047 -0.00538421 0)
(4.51136 -0.0012145 0)
(4.51052 0.00238014 0)
(4.50812 0.00545288 0)
(4.50438 0.00805632 0)
(4.49946 0.0102416 0)
(4.49353 0.012058 0)
(4.48673 0.0135525 0)
(4.47919 0.0147698 0)
(4.47103 0.0157516 0)
(4.46233 0.0165423 0)
(4.45326 0.0171677 0)
(4.44364 0.0177332 0)
(4.43499 0.0180283 0)
(4.42113 0.0195266 0)
(-0.0240162 0.198703 0)
(-0.163369 0.397483 0)
(-0.325048 0.473149 0)
(-0.481618 0.485549 0)
(-0.619709 0.471172 0)
(-0.73817 0.447059 0)
(-0.837762 0.420038 0)
(-0.919608 0.392466 0)
(-0.984877 0.364968 0)
(-1.0346 0.337601 0)
(-1.06963 0.310269 0)
(-1.09064 0.282829 0)
(-1.09817 0.255107 0)
(-1.0926 0.226922 0)
(-1.07421 0.198076 0)
(-1.0432 0.168354 0)
(-0.999711 0.13755 0)
(-0.94383 0.105476 0)
(-0.875632 0.0719604 0)
(-0.795189 0.0368561 0)
(-0.702636 7.54038e-05 0)
(-0.598211 -0.0383628 0)
(-0.4823 -0.0783405 0)
(-0.355195 -0.119666 0)
(-0.217305 -0.162117 0)
(-0.0690911 -0.205407 0)
(0.0887791 -0.249166 0)
(0.255541 -0.292997 0)
(0.43046 -0.336464 0)
(0.612709 -0.379071 0)
(0.801369 -0.420293 0)
(0.995462 -0.459593 0)
(1.19397 -0.496442 0)
(1.39587 -0.53036 0)
(1.60009 -0.560925 0)
(1.80556 -0.587762 0)
(2.01122 -0.610552 0)
(2.21604 -0.629058 0)
(2.41904 -0.643127 0)
(2.6193 -0.652688 0)
(2.81593 -0.657755 0)
(3.00816 -0.658422 0)
(3.19525 -0.654851 0)
(3.37655 -0.647263 0)
(3.55151 -0.635929 0)
(3.71964 -0.621167 0)
(3.88055 -0.603325 0)
(4.03392 -0.582773 0)
(4.17952 -0.559892 0)
(4.31718 -0.535072 0)
(4.44681 -0.508696 0)
(4.56838 -0.481137 0)
(4.68193 -0.452753 0)
(4.78754 -0.42388 0)
(4.88536 -0.39483 0)
(4.97555 -0.365885 0)
(5.05834 -0.337301 0)
(5.13396 -0.309301 0)
(5.2027 -0.28208 0)
(5.26484 -0.255801 0)
(5.32068 -0.230598 0)
(5.37055 -0.20658 0)
(5.41477 -0.183826 0)
(5.45367 -0.162395 0)
(5.48757 -0.142321 0)
(5.51679 -0.123622 0)
(5.54166 -0.106296 0)
(5.56249 -0.0903273 0)
(5.57958 -0.0756858 0)
(5.59323 -0.0623321 0)
(5.60371 -0.0502169 0)
(5.6113 -0.0392841 0)
(5.61626 -0.0294716 0)
(5.61884 -0.0207139 0)
(5.61925 -0.012942 0)
(5.61773 -0.00608718 0)
(5.61448 -8.24393e-05 0)
(5.6097 0.00514138 0)
(5.60356 0.00965384 0)
(5.59623 0.0135229 0)
(5.58785 0.0168139 0)
(5.57856 0.01959 0)
(5.56849 0.0219111 0)
(5.55775 0.023834 0)
(5.54644 0.0254111 0)
(5.53464 0.0266963 0)
(5.52253 0.0277163 0)
(5.50978 0.0285948 0)
(5.49854 0.0290411 0)
(5.48031 0.030664 0)
(-0.0306058 0.297673 0)
(-0.184621 0.555632 0)
(-0.334969 0.629325 0)
(-0.459994 0.621229 0)
(-0.553483 0.583011 0)
(-0.619092 0.535827 0)
(-0.660178 0.487463 0)
(-0.679579 0.440375 0)
(-0.679698 0.39498 0)
(-0.662426 0.351071 0)
(-0.629239 0.308315 0)
(-0.581302 0.266332 0)
(-0.519529 0.224729 0)
(-0.444648 0.183183 0)
(-0.357216 0.141393 0)
(-0.257689 0.0990582 0)
(-0.146474 0.0559075 0)
(-0.0239116 0.0117053 0)
(0.109637 -0.0337239 0)
(0.253644 -0.080463 0)
(0.407565 -0.128493 0)
(0.570892 -0.177713 0)
(0.743025 -0.227974 0)
(0.92332 -0.279045 0)
(1.11107 -0.330624 0)
(1.3055 -0.382343 0)
(1.5058 -0.433808 0)
(1.71109 -0.484554 0)
(1.92045 -0.534034 0)
(2.13289 -0.581687 0)
(2.34742 -0.626944 0)
(2.56306 -0.66924 0)
(2.7788 -0.708038 0)
(2.99369 -0.742851 0)
(3.20678 -0.773258 0)
(3.41718 -0.798912 0)
(3.62403 -0.819545 0)
(3.82655 -0.83498 0)
(4.02402 -0.845127 0)
(4.21578 -0.849987 0)
(4.40127 -0.849651 0)
(4.57996 -0.844288 0)
(4.75145 -0.834138 0)
(4.91536 -0.819503 0)
(5.07142 -0.800736 0)
(5.2194 -0.77823 0)
(5.35917 -0.75241 0)
(5.49065 -0.723719 0)
(5.61381 -0.692608 0)
(5.72869 -0.659531 0)
(5.83538 -0.624932 0)
(5.93402 -0.589237 0)
(6.02478 -0.552855 0)
(6.10789 -0.516165 0)
(6.1836 -0.479515 0)
(6.25218 -0.443223 0)
(6.31393 -0.407568 0)
(6.36918 -0.372797 0)
(6.41824 -0.339118 0)
(6.46145 -0.306707 0)
(6.49916 -0.275706 0)
(6.53171 -0.246225 0)
(6.55943 -0.218345 0)
(6.58266 -0.19212 0)
(6.60172 -0.16758 0)
(6.61692 -0.144734 0)
(6.62859 -0.123569 0)
(6.63699 -0.10406 0)
(6.64242 -0.0861654 0)
(6.64514 -0.0698319 0)
(6.64539 -0.0549972 0)
(6.64342 -0.0415915 0)
(6.63944 -0.0295389 0)
(6.63367 -0.0187599 0)
(6.62629 -0.00917459 0)
(6.6175 -0.000703242 0)
(6.60746 0.00673759 0)
(6.59632 0.0132328 0)
(6.58423 0.0188655 0)
(6.5713 0.0237162 0)
(6.55766 0.027862 0)
(6.5434 0.0313771 0)
(6.52863 0.0343318 0)
(6.51343 0.0367924 0)
(6.49787 0.038819 0)
(6.48201 0.0404734 0)
(6.46604 0.0417817 0)
(6.44943 0.0428783 0)
(6.43505 0.0434324 0)
(6.41171 0.045066 0)
(-0.0384809 0.415047 0)
(-0.19425 0.705128 0)
(-0.294246 0.746035 0)
(-0.340672 0.699151 0)
(-0.344974 0.627419 0)
(-0.318147 0.551809 0)
(-0.26615 0.479166 0)
(-0.193192 0.411195 0)
(-0.102528 0.347507 0)
(0.00347154 0.287222 0)
(0.122987 0.229581 0)
(0.254697 0.173905 0)
(0.397574 0.119553 0)
(0.550679 0.0659754 0)
(0.713432 0.0126861 0)
(0.885339 -0.0406753 0)
(1.06584 -0.0943736 0)
(1.25428 -0.148609 0)
(1.44997 -0.203513 0)
(1.65218 -0.259117 0)
(1.86022 -0.31535 0)
(2.07333 -0.372076 0)
(2.29074 -0.42909 0)
(2.51165 -0.486118 0)
(2.73523 -0.542812 0)
(2.96062 -0.598758 0)
(3.18694 -0.65349 0)
(3.4133 -0.706499 0)
(3.63879 -0.757245 0)
(3.86254 -0.805172 0)
(4.08366 -0.849724 0)
(4.30135 -0.890364 0)
(4.51482 -0.926597 0)
(4.72336 -0.957984 0)
(4.9263 -0.984159 0)
(5.12306 -1.00484 0)
(5.31311 -1.01982 0)
(5.496 -1.02901 0)
(5.67135 -1.03238 0)
(5.83884 -1.03001 0)
(5.99822 -1.02206 0)
(6.1493 -1.00877 0)
(6.29196 -0.990451 0)
(6.42612 -0.967471 0)
(6.55176 -0.940245 0)
(6.66891 -0.909227 0)
(6.77765 -0.874897 0)
(6.87811 -0.837751 0)
(6.97043 -0.798291 0)
(7.05484 -0.757013 0)
(7.13155 -0.714403 0)
(7.20084 -0.670924 0)
(7.263 -0.627015 0)
(7.31832 -0.583081 0)
(7.36714 -0.539495 0)
(7.40979 -0.496589 0)
(7.44663 -0.454657 0)
(7.47799 -0.413953 0)
(7.50423 -0.374691 0)
(7.52569 -0.337047 0)
(7.54272 -0.30116 0)
(7.55564 -0.267136 0)
(7.56479 -0.235047 0)
(7.57046 -0.204939 0)
(7.57297 -0.176829 0)
(7.57258 -0.150712 0)
(7.56959 -0.126566 0)
(7.56423 -0.104347 0)
(7.55675 -0.0839991 0)
(7.54737 -0.065455 0)
(7.5363 -0.0486368 0)
(7.52375 -0.033459 0)
(7.50988 -0.0198322 0)
(7.49487 -0.00766585 0)
(7.47888 0.00313396 0)
(7.46205 0.0126651 0)
(7.4445 0.0210268 0)
(7.42634 0.0283165 0)
(7.40768 0.0346281 0)
(7.38861 0.0400528 0)
(7.36921 0.0446781 0)
(7.34956 0.048588 0)
(7.32972 0.0518617 0)
(7.30976 0.054574 0)
(7.28972 0.0567919 0)
(7.26962 0.058583 0)
(7.24967 0.0599791 0)
(7.22913 0.0611084 0)
(7.21157 0.0616796 0)
(7.18316 0.0630502 0)
(-0.0490772 0.563216 0)
(-0.165074 0.813969 0)
(-0.138429 0.769217 0)
(-0.0315631 0.667258 0)
(0.112292 0.560274 0)
(0.276803 0.457914 0)
(0.456831 0.364026 0)
(0.648958 0.279084 0)
(0.850472 0.201365 0)
(1.05961 0.129004 0)
(1.27492 0.0605119 0)
(1.496 -0.0051217 0)
(1.72215 -0.0686326 0)
(1.95277 -0.130613 0)
(2.18714 -0.19154 0)
(2.42448 -0.25177 0)
(2.66411 -0.311562 0)
(2.90537 -0.371093 0)
(3.14763 -0.430465 0)
(3.39023 -0.489702 0)
(3.63254 -0.548752 0)
(3.8739 -0.607478 0)
(4.11362 -0.665666 0)
(4.35104 -0.723026 0)
(4.58546 -0.779199 0)
(4.8162 -0.833771 0)
(5.04259 -0.886284 0)
(5.26398 -0.936245 0)
(5.47974 -0.983142 0)
(5.68928 -1.02646 0)
(5.89208 -1.06569 0)
(6.08767 -1.10036 0)
(6.27562 -1.13003 0)
(6.4556 -1.15435 0)
(6.62731 -1.17302 0)
(6.79054 -1.18582 0)
(6.94511 -1.19262 0)
(7.09094 -1.19338 0)
(7.22794 -1.18816 0)
(7.35613 -1.17708 0)
(7.47554 -1.16037 0)
(7.58624 -1.1383 0)
(7.68836 -1.11124 0)
(7.78205 -1.07961 0)
(7.86749 -1.04385 0)
(7.94491 -1.00445 0)
(8.01456 -0.961943 0)
(8.07673 -0.916846 0)
(8.1317 -0.869693 0)
(8.17982 -0.821005 0)
(8.22141 -0.771291 0)
(8.25683 -0.721032 0)
(8.28646 -0.670682 0)
(8.31064 -0.620655 0)
(8.32976 -0.571331 0)
(8.34417 -0.523044 0)
(8.35423 -0.476088 0)
(8.36029 -0.430711 0)
(8.36269 -0.387122 0)
(8.36174 -0.345486 0)
(8.35776 -0.305933 0)
(8.35103 -0.268555 0)
(8.34183 -0.233411 0)
(8.33041 -0.200531 0)
(8.31702 -0.169919 0)
(8.30188 -0.141554 0)
(8.28519 -0.115397 0)
(8.26715 -0.0913903 0)
(8.24794 -0.0694627 0)
(8.22772 -0.0495313 0)
(8.20664 -0.0315039 0)
(8.18484 -0.0152846 0)
(8.16244 -0.000770987 0)
(8.13958 0.0121426 0)
(8.11632 0.0235666 0)
(8.09278 0.0336127 0)
(8.06902 0.0423893 0)
(8.04513 0.0500023 0)
(8.02117 0.0565549 0)
(7.99719 0.0621473 0)
(7.97326 0.0668761 0)
(7.94941 0.0708333 0)
(7.92569 0.0741058 0)
(7.90211 0.0767757 0)
(7.87872 0.0789171 0)
(7.85549 0.080602 0)
(7.83264 0.0818762 0)
(7.80928 0.0828393 0)
(7.78946 0.0833442 0)
(7.75748 0.084129 0)
(-0.00815143 0.65848 0)
(0.0677206 0.77617 0)
(0.370779 0.608331 0)
(0.732913 0.457415 0)
(1.08418 0.331808 0)
(1.42011 0.21816 0)
(1.7466 0.115135 0)
(2.06611 0.0233375 0)
(2.37877 -0.0592217 0)
(2.68497 -0.135019 0)
(2.98539 -0.20578 0)
(3.27991 -0.272716 0)
(3.56844 -0.336718 0)
(3.85099 -0.398492 0)
(4.12756 -0.458574 0)
(4.39814 -0.51736 0)
(4.66268 -0.575142 0)
(4.92108 -0.632124 0)
(5.1732 -0.688426 0)
(5.41889 -0.744082 0)
(5.65793 -0.799038 0)
(5.89009 -0.853153 0)
(6.11513 -0.906209 0)
(6.33276 -0.957916 0)
(6.54271 -1.00792 0)
(6.74469 -1.05583 0)
(6.93843 -1.10121 0)
(7.1237 -1.1436 0)
(7.30027 -1.18252 0)
(7.46795 -1.21751 0)
(7.62661 -1.24812 0)
(7.77613 -1.27394 0)
(7.91646 -1.29459 0)
(8.04757 -1.30976 0)
(8.16949 -1.31921 0)
(8.28228 -1.32278 0)
(8.38602 -1.32038 0)
(8.48084 -1.31202 0)
(8.56689 -1.29778 0)
(8.64437 -1.27782 0)
(8.71349 -1.2524 0)
(8.77449 -1.22183 0)
(8.82766 -1.18651 0)
(8.8733 -1.14686 0)
(8.91174 -1.10338 0)
(8.94335 -1.05658 0)
(8.9685 -1.00699 0)
(8.9876 -0.955171 0)
(9.00106 -0.901664 0)
(9.00929 -0.847005 0)
(9.01274 -0.791707 0)
(9.01181 -0.736256 0)
(9.00693 -0.681104 0)
(8.99849 -0.62666 0)
(8.98688 -0.573294 0)
(8.97247 -0.521327 0)
(8.9556 -0.471039 0)
(8.93658 -0.42266 0)
(8.91573 -0.37638 0)
(8.89329 -0.332346 0)
(8.86951 -0.290665 0)
(8.84462 -0.25141 0)
(8.81881 -0.214622 0)
(8.79226 -0.180311 0)
(8.76511 -0.148462 0)
(8.73751 -0.119039 0)
(8.70958 -0.0919857 0)
(8.68142 -0.0672302 0)
(8.65312 -0.0446874 0)
(8.62477 -0.0242629 0)
(8.59644 -0.00585331 0)
(8.56819 0.01065 0)
(8.54007 0.0253603 0)
(8.51211 0.0383964 0)
(8.48437 0.0498767 0)
(8.45686 0.0599171 0)
(8.42964 0.0686317 0)
(8.40271 0.0761329 0)
(8.37611 0.0825303 0)
(8.34985 0.0879304 0)
(8.32394 0.0924352 0)
(8.2984 0.0961426 0)
(8.27324 0.0991448 0)
(8.24845 0.101529 0)
(8.22404 0.103376 0)
(8.19996 0.10476 0)
(8.17643 0.105747 0)
(8.15248 0.10639 0)
(8.13227 0.106774 0)
(8.09972 0.106726 0)
(0.829352 0.191666 0)
(1.36081 0.223005 0)
(1.97392 0.092331 0)
(2.5827 -0.0288232 0)
(3.1073 -0.122583 0)
(3.56386 -0.205507 0)
(3.97863 -0.282624 0)
(4.36228 -0.353398 0)
(4.71903 -0.418102 0)
(5.05248 -0.478062 0)
(5.366 -0.534491 0)
(5.66211 -0.588206 0)
(5.94257 -0.639839 0)
(6.20879 -0.689927 0)
(6.46189 -0.738892 0)
(6.70283 -0.787042 0)
(6.93232 -0.83458 0)
(7.15096 -0.881623 0)
(7.3592 -0.92821 0)
(7.5574 -0.974302 0)
(7.74585 -1.01979 0)
(7.92474 -1.06447 0)
(8.09423 -1.1081 0)
(8.25443 -1.15037 0)
(8.40539 -1.1909 0)
(8.54717 -1.2293 0)
(8.67981 -1.26514 0)
(8.80333 -1.29796 0)
(8.91777 -1.32731 0)
(9.02316 -1.35274 0)
(9.11954 -1.37384 0)
(9.20699 -1.39021 0)
(9.28558 -1.40151 0)
(9.3554 -1.40745 0)
(9.41658 -1.4078 0)
(9.46924 -1.40244 0)
(9.51357 -1.39129 0)
(9.54975 -1.37438 0)
(9.57804 -1.35183 0)
(9.59869 -1.32382 0)
(9.61204 -1.29064 0)
(9.61842 -1.25264 0)
(9.61824 -1.21023 0)
(9.61193 -1.16387 0)
(9.59995 -1.11409 0)
(9.58279 -1.06141 0)
(9.56096 -1.00639 0)
(9.53498 -0.949602 0)
(9.50538 -0.89159 0)
(9.47266 -0.83289 0)
(9.43734 -0.774009 0)
(9.39988 -0.71542 0)
(9.36075 -0.657555 0)
(9.32035 -0.600801 0)
(9.27907 -0.545499 0)
(9.23724 -0.491942 0)
(9.19518 -0.440377 0)
(9.15313 -0.391004 0)
(9.11133 -0.34398 0)
(9.06995 -0.299422 0)
(9.02916 -0.257408 0)
(8.98906 -0.217985 0)
(8.94975 -0.181166 0)
(8.9113 -0.146941 0)
(8.87375 -0.115276 0)
(8.83714 -0.0861157 0)
(8.80147 -0.0593897 0)
(8.76676 -0.0350133 0)
(8.73298 -0.0128895 0)
(8.70012 0.00708776 0)
(8.66815 0.0250282 0)
(8.63704 0.0410484 0)
(8.60677 0.0552682 0)
(8.57731 0.067807 0)
(8.54863 0.0787834 0)
(8.52069 0.0883156 0)
(8.49348 0.0965204 0)
(8.46696 0.103512 0)
(8.44111 0.109403 0)
(8.41589 0.114301 0)
(8.3913 0.11831 0)
(8.36729 0.121529 0)
(8.34384 0.124052 0)
(8.32093 0.12597 0)
(8.29854 0.127367 0)
(8.2766 0.128318 0)
(8.25527 0.128912 0)
(8.23366 0.129142 0)
(8.2155 0.129367 0)
(8.18635 0.128378 0)
(5.29284 -0.591918 0)
(5.55089 -0.640053 0)
(5.85976 -0.636805 0)
(6.22634 -0.639854 0)
(6.57628 -0.650904 0)
(6.88993 -0.668943 0)
(7.17602 -0.693316 0)
(7.44049 -0.721901 0)
(7.68488 -0.75267 0)
(7.91071 -0.784569 0)
(8.12015 -0.817189 0)
(8.31509 -0.850357 0)
(8.497 -0.883994 0)
(8.66701 -0.918079 0)
(8.82609 -0.952608 0)
(8.97508 -0.98757 0)
(9.11461 -1.02292 0)
(9.24523 -1.05858 0)
(9.36733 -1.09443 0)
(9.48125 -1.1303 0)
(9.58721 -1.16596 0)
(9.68541 -1.20115 0)
(9.77596 -1.23554 0)
(9.85892 -1.26875 0)
(9.93432 -1.3004 0)
(10.0022 -1.33003 0)
(10.0624 -1.35719 0)
(10.115 -1.38142 0)
(10.1598 -1.40225 0)
(10.1969 -1.41923 0)
(10.2262 -1.43193 0)
(10.2476 -1.43997 0)
(10.2611 -1.44301 0)
(10.2667 -1.44078 0)
(10.2646 -1.43308 0)
(10.2548 -1.41981 0)
(10.2375 -1.40095 0)
(10.213 -1.37655 0)
(10.1815 -1.34679 0)
(10.1435 -1.3119 0)
(10.0994 -1.27221 0)
(10.0496 -1.22813 0)
(9.99491 -1.18012 0)
(9.93576 -1.12867 0)
(9.87284 -1.07435 0)
(9.80682 -1.0177 0)
(9.73835 -0.9593 0)
(9.6681 -0.899705 0)
(9.5967 -0.839459 0)
(9.52475 -0.779075 0)
(9.45281 -0.719032 0)
(9.3814 -0.659765 0)
(9.31095 -0.601662 0)
(9.24187 -0.545066 0)
(9.1745 -0.490267 0)
(9.10909 -0.437511 0)
(9.04588 -0.386993 0)
(8.98502 -0.338869 0)
(8.92662 -0.293251 0)
(8.87076 -0.250216 0)
(8.81745 -0.209806 0)
(8.7667 -0.172035 0)
(8.71846 -0.13689 0)
(8.67268 -0.104338 0)
(8.62928 -0.0743239 0)
(8.58815 -0.0467785 0)
(8.5492 -0.0216165 0)
(8.5123 0.00126052 0)
(8.47733 0.0219538 0)
(8.44418 0.04057 0)
(8.41272 0.0572215 0)
(8.38285 0.0720237 0)
(8.35446 0.0850927 0)
(8.32745 0.0965453 0)
(8.30171 0.106498 0)
(8.27715 0.115068 0)
(8.25368 0.122367 0)
(8.23123 0.128508 0)
(8.20972 0.1336 0)
(8.18907 0.137746 0)
(8.16922 0.141047 0)
(8.15011 0.143602 0)
(8.13168 0.145503 0)
(8.11388 0.146837 0)
(8.09667 0.147691 0)
(8.07996 0.148138 0)
(8.06386 0.148284 0)
(8.04768 0.14807 0)
(8.03414 0.148101 0)
(8.01257 0.146217 0)
(10.3597 -0.343568 0)
(10.2322 -0.523342 0)
(10.1484 -0.626732 0)
(10.1315 -0.696903 0)
(10.1515 -0.750188 0)
(10.1873 -0.791229 0)
(10.2333 -0.824708 0)
(10.2871 -0.854464 0)
(10.3449 -0.882404 0)
(10.4037 -0.909398 0)
(10.462 -0.936038 0)
(10.519 -0.962775 0)
(10.574 -0.98989 0)
(10.6265 -1.01753 0)
(10.6763 -1.04575 0)
(10.7229 -1.07455 0)
(10.7662 -1.10389 0)
(10.806 -1.13365 0)
(10.8419 -1.16368 0)
(10.8738 -1.19377 0)
(10.9013 -1.22364 0)
(10.9242 -1.25298 0)
(10.9421 -1.28144 0)
(10.9548 -1.30861 0)
(10.9618 -1.33405 0)
(10.9628 -1.35731 0)
(10.9574 -1.37791 0)
(10.9454 -1.39538 0)
(10.9263 -1.40925 0)
(10.9 -1.4191 0)
(10.8662 -1.42451 0)
(10.8248 -1.42514 0)
(10.7757 -1.4207 0)
(10.7189 -1.41099 0)
(10.6545 -1.39589 0)
(10.5829 -1.37536 0)
(10.5042 -1.34947 0)
(10.4191 -1.31839 0)
(10.3279 -1.28236 0)
(10.2315 -1.2417 0)
(10.1304 -1.19684 0)
(10.0255 -1.14823 0)
(9.91762 -1.09638 0)
(9.80761 -1.04185 0)
(9.69633 -0.985182 0)
(9.58462 -0.926949 0)
(9.47329 -0.8677 0)
(9.36312 -0.807967 0)
(9.2548 -0.748247 0)
(9.14896 -0.688999 0)
(9.04615 -0.630637 0)
(8.94684 -0.573529 0)
(8.85142 -0.517991 0)
(8.76017 -0.464293 0)
(8.67333 -0.412656 0)
(8.59103 -0.363256 0)
(8.51335 -0.316228 0)
(8.44031 -0.271667 0)
(8.37187 -0.229636 0)
(8.30794 -0.190166 0)
(8.2484 -0.153262 0)
(8.1931 -0.118906 0)
(8.14184 -0.0870594 0)
(8.09444 -0.0576689 0)
(8.05069 -0.0306628 0)
(8.01034 -0.00595513 0)
(7.97317 0.0165458 0)
(7.93896 0.036932 0)
(7.90751 0.0553013 0)
(7.8786 0.0717572 0)
(7.85204 0.0864064 0)
(7.82763 0.0993576 0)
(7.80519 0.110721 0)
(7.78454 0.120605 0)
(7.76553 0.12912 0)
(7.74801 0.136372 0)
(7.73182 0.142468 0)
(7.71685 0.147509 0)
(7.70299 0.151595 0)
(7.69011 0.154825 0)
(7.67812 0.15729 0)
(7.66694 0.159083 0)
(7.65647 0.16029 0)
(7.64666 0.160994 0)
(7.63742 0.161279 0)
(7.62869 0.161213 0)
(7.62047 0.160912 0)
(7.61238 0.160281 0)
(7.60574 0.160079 0)
(7.59537 0.157495 0)
(12.107 -0.306536 0)
(12.0544 -0.459862 0)
(11.9883 -0.56261 0)
(11.9334 -0.638747 0)
(11.8899 -0.701184 0)
(11.8526 -0.752942 0)
(11.8208 -0.796476 0)
(11.7951 -0.834686 0)
(11.7748 -0.869499 0)
(11.7584 -0.901951 0)
(11.7448 -0.932762 0)
(11.7334 -0.962529 0)
(11.7232 -0.991689 0)
(11.7136 -1.02052 0)
(11.704 -1.04918 0)
(11.6936 -1.07775 0)
(11.6818 -1.10622 0)
(11.6678 -1.13452 0)
(11.6512 -1.16251 0)
(11.6311 -1.18998 0)
(11.6069 -1.21666 0)
(11.5781 -1.24224 0)
(11.5439 -1.26636 0)
(11.5037 -1.28861 0)
(11.457 -1.30857 0)
(11.4032 -1.32582 0)
(11.3418 -1.33991 0)
(11.2725 -1.35043 0)
(11.1949 -1.35697 0)
(11.1089 -1.35917 0)
(11.0143 -1.35674 0)
(10.9113 -1.34943 0)
(10.8001 -1.33708 0)
(10.6809 -1.31963 0)
(10.5543 -1.29706 0)
(10.421 -1.2695 0)
(10.2815 -1.23714 0)
(10.1369 -1.20025 0)
(9.98804 -1.15918 0)
(9.83596 -1.11435 0)
(9.68173 -1.06624 0)
(9.52643 -1.01534 0)
(9.37116 -0.962198 0)
(9.21696 -0.907338 0)
(9.06483 -0.851297 0)
(8.9157 -0.794589 0)
(8.77042 -0.737702 0)
(8.62973 -0.681086 0)
(8.49428 -0.62515 0)
(8.36459 -0.570259 0)
(8.24109 -0.516728 0)
(8.12409 -0.464825 0)
(8.0138 -0.414772 0)
(7.91035 -0.366747 0)
(7.81377 -0.320888 0)
(7.72401 -0.277295 0)
(7.64096 -0.236035 0)
(7.56445 -0.197147 0)
(7.49427 -0.160642 0)
(7.43016 -0.126513 0)
(7.37185 -0.0947323 0)
(7.31903 -0.0652571 0)
(7.27139 -0.0380305 0)
(7.22859 -0.0129789 0)
(7.19027 0.00997766 0)
(7.15613 0.0309158 0)
(7.12588 0.0499148 0)
(7.09921 0.0670597 0)
(7.07581 0.0824423 0)
(7.05542 0.0961577 0)
(7.03775 0.108302 0)
(7.02255 0.118973 0)
(7.00959 0.128267 0)
(6.99864 0.13628 0)
(6.98949 0.143107 0)
(6.98196 0.148841 0)
(6.97586 0.153573 0)
(6.97104 0.157394 0)
(6.96736 0.16039 0)
(6.96467 0.162648 0)
(6.96285 0.164249 0)
(6.96181 0.165274 0)
(6.96144 0.165803 0)
(6.96165 0.165909 0)
(6.96237 0.16567 0)
(6.96351 0.165149 0)
(6.96502 0.164455 0)
(6.96685 0.163492 0)
(6.96871 0.163031 0)
(6.97188 0.160075 0)
(12.1606 -0.329802 0)
(12.2063 -0.4457 0)
(12.2223 -0.536507 0)
(12.2267 -0.609362 0)
(12.2266 -0.671153 0)
(12.2222 -0.7242 0)
(12.2144 -0.769902 0)
(12.2047 -0.81016 0)
(12.1937 -0.846626 0)
(12.181 -0.880354 0)
(12.1665 -0.912036 0)
(12.1496 -0.942189 0)
(12.13 -0.971185 0)
(12.107 -0.999258 0)
(12.0802 -1.02653 0)
(12.0488 -1.05305 0)
(12.0122 -1.07878 0)
(11.9697 -1.10362 0)
(11.9206 -1.12742 0)
(11.8643 -1.14996 0)
(11.8003 -1.17098 0)
(11.7279 -1.19019 0)
(11.6466 -1.20725 0)
(11.556 -1.22183 0)
(11.4557 -1.23358 0)
(11.3456 -1.24215 0)
(11.2255 -1.24721 0)
(11.0954 -1.24845 0)
(10.9554 -1.24562 0)
(10.806 -1.23849 0)
(10.6474 -1.22693 0)
(10.4804 -1.21085 0)
(10.3058 -1.19026 0)
(10.1243 -1.16522 0)
(9.93704 -1.1359 0)
(9.74515 -1.10252 0)
(9.54982 -1.06539 0)
(9.35233 -1.02487 0)
(9.15396 -0.981364 0)
(8.956 -0.935328 0)
(8.75972 -0.887229 0)
(8.56634 -0.837547 0)
(8.37698 -0.786761 0)
(8.19268 -0.735334 0)
(8.01438 -0.683708 0)
(7.84287 -0.632288 0)
(7.67883 -0.581445 0)
(7.52281 -0.531507 0)
(7.37523 -0.482758 0)
(7.23636 -0.43544 0)
(7.10639 -0.389749 0)
(6.98538 -0.345845 0)
(6.87329 -0.303849 0)
(6.77 -0.263847 0)
(6.67534 -0.225898 0)
(6.58903 -0.190035 0)
(6.51078 -0.156267 0)
(6.44024 -0.124589 0)
(6.37704 -0.0949755 0)
(6.32079 -0.0673925 0)
(6.27107 -0.0417932 0)
(6.22747 -0.018116 0)
(6.18953 0.00370551 0)
(6.15687 0.023734 0)
(6.12912 0.0420299 0)
(6.10588 0.0586572 0)
(6.08679 0.0736878 0)
(6.07148 0.0871997 0)
(6.0596 0.099272 0)
(6.05084 0.109984 0)
(6.04488 0.119414 0)
(6.04145 0.127642 0)
(6.04026 0.134745 0)
(6.04108 0.140801 0)
(6.04367 0.145886 0)
(6.04783 0.150077 0)
(6.05336 0.153447 0)
(6.06008 0.156072 0)
(6.06785 0.158021 0)
(6.07651 0.159367 0)
(6.08593 0.160179 0)
(6.096 0.160525 0)
(6.10662 0.160473 0)
(6.11768 0.160087 0)
(6.12911 0.159436 0)
(6.14085 0.158578 0)
(6.15275 0.157603 0)
(6.1651 0.156447 0)
(6.17607 0.155734 0)
(6.19334 0.152845 0)
(11.9894 -0.424994 0)
(12.0778 -0.51086 0)
(12.1395 -0.58352 0)
(12.1846 -0.643873 0)
(12.2188 -0.695557 0)
(12.2434 -0.740632 0)
(12.259 -0.780097 0)
(12.2664 -0.815037 0)
(12.266 -0.846531 0)
(12.2577 -0.87533 0)
(12.2409 -0.901898 0)
(12.2155 -0.926556 0)
(12.1809 -0.949546 0)
(12.1367 -0.971033 0)
(12.0826 -0.991109 0)
(12.018 -1.0098 0)
(11.9427 -1.02709 0)
(11.8562 -1.0429 0)
(11.7584 -1.05711 0)
(11.6491 -1.06955 0)
(11.528 -1.08003 0)
(11.3953 -1.08835 0)
(11.2509 -1.09427 0)
(11.0951 -1.09756 0)
(10.9281 -1.098 0)
(10.7503 -1.09538 0)
(10.5623 -1.08951 0)
(10.3647 -1.08023 0)
(10.1583 -1.06743 0)
(9.94414 -1.05107 0)
(9.72318 -1.03115 0)
(9.49661 -1.00771 0)
(9.26568 -0.980891 0)
(9.03174 -0.950872 0)
(8.79615 -0.917893 0)
(8.56032 -0.882243 0)
(8.32565 -0.844254 0)
(8.09352 -0.804285 0)
(7.86525 -0.76272 0)
(7.64206 -0.719949 0)
(7.4251 -0.676362 0)
(7.21538 -0.632338 0)
(7.01381 -0.588235 0)
(6.82113 -0.544386 0)
(6.63795 -0.50109 0)
(6.46475 -0.458613 0)
(6.30186 -0.417182 0)
(6.14949 -0.376987 0)
(6.00771 -0.338184 0)
(5.8765 -0.300894 0)
(5.75574 -0.265207 0)
(5.64522 -0.231184 0)
(5.54467 -0.198866 0)
(5.45374 -0.168271 0)
(5.37207 -0.1394 0)
(5.29923 -0.112241 0)
(5.23478 -0.0867699 0)
(5.17826 -0.0629554 0)
(5.1292 -0.0407579 0)
(5.08712 -0.0201281 0)
(5.05153 -0.00101434 0)
(5.02197 0.0166346 0)
(4.99805 0.0328634 0)
(4.97931 0.0477154 0)
(4.96533 0.0612406 0)
(4.9557 0.0734982 0)
(4.95003 0.0845481 0)
(4.94796 0.0944491 0)
(4.94913 0.103259 0)
(4.95322 0.111036 0)
(4.95992 0.117837 0)
(4.96894 0.12372 0)
(4.98001 0.128743 0)
(4.99289 0.132962 0)
(5.00736 0.136435 0)
(5.02319 0.139219 0)
(5.04021 0.141371 0)
(5.05823 0.142947 0)
(5.07711 0.144003 0)
(5.09669 0.144595 0)
(5.11684 0.144777 0)
(5.13747 0.144605 0)
(5.15845 0.144134 0)
(5.17971 0.14342 0)
(5.20116 0.142518 0)
(5.22274 0.141484 0)
(5.24429 0.140385 0)
(5.26629 0.139211 0)
(5.28579 0.138318 0)
(5.31561 0.136021 0)
(11.9869 -0.539618 0)
(12.0874 -0.598223 0)
(12.1599 -0.650243 0)
(12.2095 -0.69472 0)
(12.24 -0.732894 0)
(12.253 -0.765805 0)
(12.249 -0.793937 0)
(12.2289 -0.817793 0)
(12.1931 -0.838012 0)
(12.1421 -0.855162 0)
(12.0761 -0.869672 0)
(11.9954 -0.881882 0)
(11.9001 -0.892082 0)
(11.7907 -0.900505 0)
(11.6673 -0.907321 0)
(11.5304 -0.912635 0)
(11.3802 -0.916499 0)
(11.2174 -0.918911 0)
(11.0422 -0.919832 0)
(10.8552 -0.919188 0)
(10.657 -0.916878 0)
(10.4483 -0.912788 0)
(10.2296 -0.906796 0)
(10.0019 -0.898779 0)
(9.76592 -0.888624 0)
(9.52267 -0.876235 0)
(9.27316 -0.861541 0)
(9.01852 -0.844501 0)
(8.75992 -0.825112 0)
(8.49861 -0.803411 0)
(8.23589 -0.77948 0)
(7.97309 -0.753442 0)
(7.71154 -0.72546 0)
(7.45257 -0.695735 0)
(7.19748 -0.664498 0)
(6.94751 -0.632005 0)
(6.70383 -0.598525 0)
(6.46752 -0.564337 0)
(6.23953 -0.529719 0)
(6.02072 -0.494942 0)
(5.81179 -0.460262 0)
(5.61332 -0.425914 0)
(5.42576 -0.392112 0)
(5.24942 -0.359041 0)
(5.08447 -0.326858 0)
(4.93098 -0.295695 0)
(4.78892 -0.265654 0)
(4.65814 -0.236812 0)
(4.53843 -0.209224 0)
(4.4295 -0.182925 0)
(4.33099 -0.157932 0)
(4.24252 -0.134247 0)
(4.16366 -0.111861 0)
(4.09396 -0.0907578 0)
(4.03294 -0.0709118 0)
(3.98012 -0.0522937 0)
(3.93502 -0.0348698 0)
(3.89715 -0.0186024 0)
(3.86603 -0.00345238 0)
(3.84119 0.0106171 0)
(3.8222 0.0236392 0)
(3.80864 0.0356403 0)
(3.80007 0.0466513 0)
(3.79607 0.0567127 0)
(3.79626 0.0658655 0)
(3.80025 0.0741482 0)
(3.8077 0.0815981 0)
(3.81826 0.0882513 0)
(3.83162 0.0941447 0)
(3.84748 0.0993145 0)
(3.86556 0.103798 0)
(3.8856 0.107634 0)
(3.90736 0.110858 0)
(3.9306 0.113511 0)
(3.95513 0.115632 0)
(3.98074 0.117259 0)
(4.00727 0.118433 0)
(4.03454 0.119193 0)
(4.06242 0.11958 0)
(4.09078 0.119634 0)
(4.11949 0.119398 0)
(4.14845 0.118912 0)
(4.17757 0.118221 0)
(4.20677 0.117369 0)
(4.23597 0.116404 0)
(4.26512 0.115376 0)
(4.29406 0.114334 0)
(4.32331 0.113334 0)
(4.34949 0.112421 0)
(4.38818 0.111292 0)
(12.0818 -0.656123 0)
(12.127 -0.682311 0)
(12.1349 -0.705227 0)
(12.1104 -0.723663 0)
(12.0579 -0.737745 0)
(11.9805 -0.747945 0)
(11.8807 -0.754609 0)
(11.7607 -0.758106 0)
(11.6223 -0.75892 0)
(11.4672 -0.757552 0)
(11.297 -0.754427 0)
(11.113 -0.74989 0)
(10.9163 -0.744224 0)
(10.7081 -0.737651 0)
(10.4894 -0.73033 0)
(10.2612 -0.722359 0)
(10.0245 -0.713783 0)
(9.77997 -0.704608 0)
(9.52863 -0.694804 0)
(9.27128 -0.684318 0)
(9.00875 -0.673079 0)
(8.74192 -0.661009 0)
(8.47166 -0.648028 0)
(8.19888 -0.634061 0)
(7.92452 -0.619045 0)
(7.64955 -0.602932 0)
(7.37497 -0.585698 0)
(7.1018 -0.567342 0)
(6.83109 -0.547889 0)
(6.56388 -0.527394 0)
(6.3012 -0.505939 0)
(6.04405 -0.483628 0)
(5.7934 -0.460591 0)
(5.55015 -0.436971 0)
(5.31513 -0.412926 0)
(5.08909 -0.388618 0)
(4.87268 -0.364213 0)
(4.66644 -0.339871 0)
(4.4708 -0.315745 0)
(4.28609 -0.291974 0)
(4.11252 -0.268685 0)
(3.95021 -0.245986 0)
(3.79915 -0.223968 0)
(3.65927 -0.202706 0)
(3.53041 -0.182254 0)
(3.41235 -0.162652 0)
(3.30478 -0.143925 0)
(3.20737 -0.126086 0)
(3.11975 -0.109134 0)
(3.04151 -0.0930633 0)
(2.97223 -0.0778587 0)
(2.91148 -0.063501 0)
(2.85879 -0.0499672 0)
(2.81374 -0.0372323 0)
(2.77587 -0.0252698 0)
(2.74474 -0.0140522 0)
(2.71993 -0.00355271 0)
(2.70101 0.006253 0)
(2.6876 0.0153875 0)
(2.67931 0.023867 0)
(2.67576 0.0317081 0)
(2.67657 0.0389333 0)
(2.68139 0.0455666 0)
(2.68989 0.0516302 0)
(2.70174 0.0571437 0)
(2.71664 0.0621258 0)
(2.73428 0.0665952 0)
(2.75441 0.0705708 0)
(2.77674 0.0740716 0)
(2.80104 0.0771178 0)
(2.82707 0.0797298 0)
(2.85461 0.0819291 0)
(2.88345 0.0837378 0)
(2.9134 0.0851789 0)
(2.94429 0.0862761 0)
(2.97594 0.0870541 0)
(3.0082 0.0875379 0)
(3.04094 0.0877537 0)
(3.07402 0.0877277 0)
(3.10733 0.0874877 0)
(3.14078 0.0870616 0)
(3.17426 0.0864796 0)
(3.2077 0.0857731 0)
(3.24104 0.0849776 0)
(3.27422 0.0841312 0)
(3.30719 0.0832819 0)
(3.33983 0.0824718 0)
(3.37254 0.0818187 0)
(3.40227 0.081147 0)
(3.44441 0.0817309 0)
(11.5775 -0.665864 0)
(11.4383 -0.646994 0)
(11.2683 -0.63098 0)
(11.0736 -0.616162 0)
(10.8594 -0.601712 0)
(10.6299 -0.587323 0)
(10.3882 -0.572836 0)
(10.1367 -0.55819 0)
(9.87772 -0.543455 0)
(9.61297 -0.528774 0)
(9.3439 -0.514285 0)
(9.07172 -0.500089 0)
(8.79744 -0.486258 0)
(8.5219 -0.47283 0)
(8.24582 -0.459812 0)
(7.96983 -0.447183 0)
(7.69446 -0.434893 0)
(7.42022 -0.422877 0)
(7.14757 -0.411056 0)
(6.87696 -0.399345 0)
(6.60885 -0.387659 0)
(6.34371 -0.375915 0)
(6.08202 -0.364039 0)
(5.82429 -0.351966 0)
(5.57103 -0.339648 0)
(5.3228 -0.32705 0)
(5.08014 -0.314154 0)
(4.84363 -0.300959 0)
(4.61381 -0.287483 0)
(4.39123 -0.273758 0)
(4.1764 -0.259831 0)
(3.96979 -0.245759 0)
(3.77184 -0.231611 0)
(3.5829 -0.217458 0)
(3.40328 -0.203374 0)
(3.23321 -0.189433 0)
(3.07286 -0.175706 0)
(2.9223 -0.162257 0)
(2.78156 -0.149145 0)
(2.65058 -0.136418 0)
(2.52924 -0.124119 0)
(2.41736 -0.112279 0)
(2.31473 -0.100921 0)
(2.22109 -0.090059 0)
(2.13613 -0.0797011 0)
(2.05953 -0.0698465 0)
(1.99095 -0.0604902 0)
(1.93004 -0.051622 0)
(1.87642 -0.0432289 0)
(1.82975 -0.0352949 0)
(1.78964 -0.0278034 0)
(1.75576 -0.0207366 0)
(1.72773 -0.0140769 0)
(1.70523 -0.00780685 0)
(1.68791 -0.00191027 0)
(1.67545 0.00362692 0)
(1.66755 0.00881828 0)
(1.6639 0.0136734 0)
(1.66422 0.0181988 0)
(1.66822 0.0224049 0)
(1.67563 0.0263031 0)
(1.68618 0.0299029 0)
(1.69963 0.033212 0)
(1.71572 0.0362375 0)
(1.73423 0.038986 0)
(1.75493 0.0414644 0)
(1.77761 0.0436792 0)
(1.80205 0.0456379 0)
(1.82807 0.0473479 0)
(1.85548 0.0488179 0)
(1.88409 0.0500566 0)
(1.91374 0.0510741 0)
(1.94426 0.0518808 0)
(1.9755 0.0524883 0)
(2.00732 0.0529087 0)
(2.03959 0.0531551 0)
(2.07218 0.053241 0)
(2.10499 0.053181 0)
(2.13791 0.0529898 0)
(2.17085 0.0526835 0)
(2.20373 0.0522786 0)
(2.23648 0.0517939 0)
(2.26905 0.0512495 0)
(2.30137 0.0506702 0)
(2.33342 0.0500853 0)
(2.36518 0.0495387 0)
(2.39656 0.0490783 0)
(2.4278 0.048858 0)
(2.45687 0.0487212 0)
(2.49614 0.0513227 0)
(8.97701 -0.423495 0)
(8.65214 -0.377514 0)
(8.33364 -0.343169 0)
(8.02188 -0.316729 0)
(7.71724 -0.295581 0)
(7.41993 -0.278028 0)
(7.13003 -0.262941 0)
(6.84758 -0.249566 0)
(6.57262 -0.237451 0)
(6.30515 -0.226345 0)
(6.04505 -0.216101 0)
(5.79218 -0.206615 0)
(5.54635 -0.197803 0)
(5.30736 -0.189595 0)
(5.07496 -0.181924 0)
(4.84896 -0.174719 0)
(4.62914 -0.167911 0)
(4.41535 -0.161429 0)
(4.20745 -0.155207 0)
(4.00535 -0.149184 0)
(3.80901 -0.143305 0)
(3.61844 -0.137523 0)
(3.43368 -0.1318 0)
(3.25481 -0.126105 0)
(3.08194 -0.120417 0)
(2.91521 -0.114724 0)
(2.75476 -0.10902 0)
(2.60075 -0.103309 0)
(2.45332 -0.0975988 0)
(2.3126 -0.0919049 0)
(2.17873 -0.0862449 0)
(2.05179 -0.0806404 0)
(1.93184 -0.0751134 0)
(1.81891 -0.069687 0)
(1.71299 -0.0643824 0)
(1.61403 -0.0592201 0)
(1.52196 -0.0542174 0)
(1.43664 -0.0493898 0)
(1.35795 -0.0447486 0)
(1.28569 -0.0403029 0)
(1.21968 -0.0360575 0)
(1.1597 -0.0320151 0)
(1.10551 -0.0281746 0)
(1.05688 -0.0245333 0)
(1.01356 -0.0210857 0)
(0.975297 -0.0178255 0)
(0.941846 -0.0147445 0)
(0.912962 -0.0118344 0)
(0.888406 -0.00908608 0)
(0.867945 -0.00649091 0)
(0.851354 -0.0040401 0)
(0.838417 -0.00172569 0)
(0.828926 0.000459443 0)
(0.822681 0.00252208 0)
(0.819493 0.00446843 0)
(0.819181 0.0063024 0)
(0.821562 0.00802542 0)
(0.826466 0.00964117 0)
(0.833727 0.0111532 0)
(0.843183 0.0125641 0)
(0.854678 0.0138757 0)
(0.86806 0.0150892 0)
(0.883182 0.0162053 0)
(0.899899 0.0172251 0)
(0.918071 0.0181492 0)
(0.937562 0.0189786 0)
(0.958237 0.0197143 0)
(0.979967 0.0203576 0)
(1.00263 0.0209103 0)
(1.02609 0.0213744 0)
(1.05025 0.0217525 0)
(1.07498 0.0220476 0)
(1.10019 0.0222633 0)
(1.12575 0.0224036 0)
(1.15159 0.022473 0)
(1.17761 0.0224762 0)
(1.20373 0.022419 0)
(1.22986 0.0223067 0)
(1.25595 0.0221458 0)
(1.28192 0.0219425 0)
(1.30773 0.0217044 0)
(1.33333 0.0214395 0)
(1.35869 0.0211586 0)
(1.38377 0.0208743 0)
(1.40856 0.0206067 0)
(1.43308 0.0203893 0)
(1.4573 0.0202771 0)
(1.48136 0.0204175 0)
(1.50467 0.0208818 0)
(1.535 0.0247243 0)
(3.45793 -0.0275889 0)
(3.25797 -0.0238041 0)
(3.07829 -0.0222617 0)
(2.91352 -0.0214371 0)
(2.76031 -0.0207346 0)
(2.61651 -0.0199997 0)
(2.48071 -0.0192043 0)
(2.35196 -0.0183512 0)
(2.2296 -0.0174667 0)
(2.11313 -0.0165872 0)
(2.0021 -0.015738 0)
(1.89614 -0.0149307 0)
(1.79488 -0.0141686 0)
(1.69801 -0.013451 0)
(1.60525 -0.0127731 0)
(1.51633 -0.0121273 0)
(1.43105 -0.0115055 0)
(1.34922 -0.0109009 0)
(1.27068 -0.0103086 0)
(1.19533 -0.0097255 0)
(1.12307 -0.00914988 0)
(1.05383 -0.00858097 0)
(0.987561 -0.00801866 0)
(0.924241 -0.00746318 0)
(0.863845 -0.00691513 0)
(0.806361 -0.00637539 0)
(0.75178 -0.00584544 0)
(0.700093 -0.00532708 0)
(0.65129 -0.00482279 0)
(0.605353 -0.00433502 0)
(0.562259 -0.00386639 0)
(0.521973 -0.00341894 0)
(0.484452 -0.00299452 0)
(0.449643 -0.00259411 0)
(0.417481 -0.00221851 0)
(0.387893 -0.00186765 0)
(0.360798 -0.00154153 0)
(0.336107 -0.00123935 0)
(0.313728 -0.000960539 0)
(0.293561 -0.000703776 0)
(0.275509 -0.000468035 0)
(0.259469 -0.000251603 0)
(0.245342 -5.31242e-05 0)
(0.233029 0.000129365 0)
(0.222435 0.000297338 0)
(0.213467 0.000452781 0)
(0.206036 0.000597057 0)
(0.20006 0.000731958 0)
(0.195458 0.000858569 0)
(0.192156 0.000978358 0)
(0.190084 0.00109209 0)
(0.189175 0.00120089 0)
(0.189367 0.00130523 0)
(0.190601 0.00140542 0)
(0.19282 0.00150114 0)
(0.19597 0.00159282 0)
(0.199999 0.0016802 0)
(0.204855 0.00176367 0)
(0.210488 0.00184289 0)
(0.21685 0.00191788 0)
(0.223891 0.00198805 0)
(0.231563 0.00205329 0)
(0.239819 0.00211295 0)
(0.248611 0.00216691 0)
(0.25789 0.00221457 0)
(0.267611 0.00225588 0)
(0.277724 0.00229032 0)
(0.288184 0.00231795 0)
(0.298944 0.00233839 0)
(0.309959 0.00235184 0)
(0.321183 0.00235811 0)
(0.332574 0.00235758 0)
(0.344091 0.00235024 0)
(0.355692 0.00233664 0)
(0.367341 0.00231696 0)
(0.379003 0.00229191 0)
(0.390644 0.0022618 0)
(0.402235 0.00222748 0)
(0.41375 0.00218941 0)
(0.425164 0.00214855 0)
(0.436459 0.00210559 0)
(0.447618 0.00206195 0)
(0.45863 0.00201908 0)
(0.469491 0.00197978 0)
(0.480208 0.00194845 0)
(0.490801 0.00193656 0)
(0.501296 0.00195713 0)
(0.511805 0.00203277 0)
(0.52292 0.00217968 0)
(0.537944 0.00508444 0)
)
;

boundaryField
{
    inlet
    {
        type            fixedValue;
        value           uniform (10 0 0);
    }
    outlet
    {
        type            zeroGradient;
    }
    upperWall
    {
        type            noSlip;
    }
    lowerWall
    {
        type            noSlip;
    }
    frontAndBack
    {
        type            empty;
    }
}


// ************************************************************************* //
