/*--------------------------------*- C++ -*----------------------------------*\
| =========                 |                                                 |
| \\      /  F ield         | OpenFOAM: The Open Source CFD Toolbox           |
|  \\    /   O peration     | Version:  2406                                  |
|   \\  /    A nd           | Website:  www.openfoam.com                      |
|    \\/     M anipulation  |                                                 |
\*---------------------------------------------------------------------------*/
FoamFile
{
    version     2.0;
    format      ascii;
    arch        "LSB;label=32;scalar=64";
    class       volVectorField;
    location    "46";
    object      U;
}
// * * * * * * * * * * * * * * * * * * * * * * * * * * * * * * * * * * * * * //

dimensions      [0 1 -1 0 0 0 0];

internalField   nonuniform List<vector> 
1900
(
(4.4795 0.264977 0)
(3.97508 0.419147 0)
(3.45993 0.328739 0)
(2.93862 0.19566 0)
(2.56485 0.0989187 0)
(2.34042 0.0389083 0)
(2.21414 0.0013109 0)
(2.16004 -0.0262177 0)
(2.1811 -0.0612777 0)
(2.23071 -0.208953 0)
(5.14242 0.407534 0)
(5.42873 0.75223 0)
(5.5191 0.75348 0)
(5.43068 0.629331 0)
(5.27785 0.476301 0)
(5.13083 0.3262 0)
(5.01377 0.191132 0)
(4.93684 0.069959 0)
(4.90722 -0.0489391 0)
(4.90235 -0.202524 0)
(5.03008 0.181119 0)
(5.24898 0.403441 0)
(5.52502 0.478855 0)
(5.75034 0.468365 0)
(5.90185 0.408035 0)
(5.99733 0.315937 0)
(6.05666 0.206669 0)
(6.09461 0.0884004 0)
(6.12013 -0.0393164 0)
(6.13046 -0.186748 0)
(5.00957 0.0649468 0)
(5.12421 0.169342 0)
(5.33152 0.220472 0)
(5.56761 0.22685 0)
(5.78763 0.201327 0)
(5.97836 0.150304 0)
(6.13792 0.0793008 0)
(6.26568 -0.00693129 0)
(6.36361 -0.105791 0)
(6.43123 -0.216462 0)
(5.00873 0.0129266 0)
(5.09341 0.0347286 0)
(5.25419 0.0395988 0)
(5.45488 0.0268325 0)
(5.66041 0.000628106 0)
(5.85536 -0.0371457 0)
(6.03282 -0.0858602 0)
(6.18751 -0.144962 0)
(6.31502 -0.213844 0)
(6.41239 -0.290951 0)
(5.00858 -0.0303318 0)
(5.09224 -0.0881295 0)
(5.25141 -0.132515 0)
(5.45023 -0.16554 0)
(5.65365 -0.194062 0)
(5.84577 -0.222302 0)
(6.01892 -0.25305 0)
(6.16667 -0.288693 0)
(6.28442 -0.330369 0)
(6.36992 -0.377358 0)
(5.00912 -0.0813986 0)
(5.1214 -0.220345 0)
(5.32496 -0.310252 0)
(5.55507 -0.361935 0)
(5.7649 -0.389858 0)
(5.93872 -0.402003 0)
(6.0722 -0.406019 0)
(6.16412 -0.409273 0)
(6.21598 -0.416177 0)
(6.23092 -0.427821 0)
(5.02981 -0.196595 0)
(5.2462 -0.451691 0)
(5.51358 -0.562608 0)
(5.71915 -0.590556 0)
(5.83592 -0.57234 0)
(5.87874 -0.528296 0)
(5.86527 -0.476764 0)
(5.80955 -0.430868 0)
(5.72287 -0.396064 0)
(5.61325 -0.372518 0)
(5.14264 -0.420309 0)
(5.41979 -0.787703 0)
(5.48457 -0.809315 0)
(5.35075 -0.70431 0)
(5.1321 -0.571501 0)
(4.89779 -0.446156 0)
(4.66907 -0.344524 0)
(4.45255 -0.271195 0)
(4.25062 -0.222659 0)
(4.06167 -0.19252 0)
(4.4761 -0.270127 0)
(3.95442 -0.430845 0)
(3.40826 -0.343731 0)
(2.84456 -0.21294 0)
(2.41937 -0.119696 0)
(2.13196 -0.0654744 0)
(1.92569 -0.0367953 0)
(1.76829 -0.0232688 0)
(1.64384 -0.0178077 0)
(1.54007 -0.0160405 0)
(-0.00034516 0.000251184 0)
(-0.0126368 0.00346586 0)
(-0.0358692 0.00543429 0)
(-0.0646172 0.00605215 0)
(-0.0944341 0.00613258 0)
(-0.123492 0.00603838 0)
(-0.151137 0.00589152 0)
(-0.177087 0.00571834 0)
(-0.201152 0.00551057 0)
(-0.223137 0.00525154 0)
(-0.242819 0.00493022 0)
(-0.259961 0.00454049 0)
(-0.274324 0.00407949 0)
(-0.285673 0.00354725 0)
(-0.293796 0.00294624 0)
(-0.298514 0.00228158 0)
(-0.299687 0.0015622 0)
(-0.297228 0.000801151 0)
(-0.291109 1.2359e-05 0)
(-0.281367 -0.000787609 0)
(-0.268103 -0.00158184 0)
(-0.251482 -0.0023524 0)
(-0.231733 -0.00308181 0)
(-0.20914 -0.00375362 0)
(-0.184036 -0.00435342 0)
(-0.156791 -0.00486859 0)
(-0.127806 -0.00528919 0)
(-0.0974956 -0.00560968 0)
(-0.0662814 -0.00583047 0)
(-0.0345768 -0.00595125 0)
(-0.00278301 -0.00596986 0)
(0.0287297 -0.00589174 0)
(0.0596284 -0.00573146 0)
(0.0896123 -0.00550489 0)
(0.118422 -0.00522443 0)
(0.145846 -0.00490225 0)
(0.171718 -0.00455018 0)
(0.195915 -0.0041795 0)
(0.218358 -0.00380025 0)
(0.239005 -0.00342138 0)
(0.25785 -0.00305029 0)
(0.274916 -0.00269318 0)
(0.290252 -0.00235469 0)
(0.303929 -0.00203836 0)
(0.316033 -0.00174639 0)
(0.326661 -0.00148016 0)
(0.335921 -0.00124001 0)
(0.343923 -0.00102577 0)
(0.350779 -0.000836544 0)
(0.356601 -0.000671191 0)
(0.361498 -0.000528145 0)
(0.365575 -0.000405781 0)
(0.368929 -0.000302256 0)
(0.371653 -0.00021581 0)
(0.373832 -0.0001446 0)
(0.375544 -8.69436e-05 0)
(0.37686 -4.1156e-05 0)
(0.377843 -5.74549e-06 0)
(0.37855 2.07463e-05 0)
(0.37903 3.95779e-05 0)
(0.379326 5.19608e-05 0)
(0.379477 5.89185e-05 0)
(0.379515 6.14276e-05 0)
(0.379467 6.02863e-05 0)
(0.379356 5.6253e-05 0)
(0.379201 4.99425e-05 0)
(0.379017 4.19539e-05 0)
(0.378817 3.27619e-05 0)
(0.37861 2.28329e-05 0)
(0.378403 1.25181e-05 0)
(0.378201 2.16903e-06 0)
(0.378008 -7.96583e-06 0)
(0.377824 -1.76301e-05 0)
(0.377651 -2.66575e-05 0)
(0.377487 -3.48673e-05 0)
(0.377331 -4.21578e-05 0)
(0.377182 -4.84047e-05 0)
(0.377036 -5.35533e-05 0)
(0.376889 -5.75191e-05 0)
(0.37674 -6.02754e-05 0)
(0.376584 -6.17557e-05 0)
(0.376417 -6.19082e-05 0)
(0.376235 -6.05712e-05 0)
(0.376033 -5.74959e-05 0)
(0.375806 -5.18893e-05 0)
(0.375546 -4.11785e-05 0)
(0.375242 -2.24006e-05 0)
(0.374874 2.83966e-06 0)
(0.374323 6.19984e-05 0)
(0.373395 0.000303141 0)
(-0.00467689 0.013445 0)
(-0.0429068 0.0380716 0)
(-0.101553 0.0525013 0)
(-0.169719 0.0576737 0)
(-0.238626 0.0577534 0)
(-0.304426 0.0555206 0)
(-0.36545 0.0522877 0)
(-0.420887 0.0485365 0)
(-0.47025 0.0443862 0)
(-0.513162 0.0398361 0)
(-0.549276 0.0348654 0)
(-0.578262 0.0294655 0)
(-0.599814 0.0236475 0)
(-0.613669 0.0174439 0)
(-0.619623 0.0109069 0)
(-0.617555 0.00411052 0)
(-0.607435 -0.00285131 0)
(-0.589357 -0.0098725 0)
(-0.563516 -0.0168363 0)
(-0.530222 -0.0236245 0)
(-0.489891 -0.0301186 0)
(-0.443041 -0.0362051 0)
(-0.39028 -0.041779 0)
(-0.332294 -0.0467492 0)
(-0.269827 -0.0510415 0)
(-0.203665 -0.0546023 0)
(-0.134614 -0.0573972 0)
(-0.0634939 -0.0594063 0)
(0.00887392 -0.0606287 0)
(0.0817156 -0.0610924 0)
(0.154315 -0.0608429 0)
(0.225992 -0.0599343 0)
(0.296123 -0.0584352 0)
(0.364164 -0.0564247 0)
(0.42964 -0.0539831 0)
(0.492156 -0.0511926 0)
(0.551395 -0.0481347 0)
(0.607117 -0.044888 0)
(0.659152 -0.0415262 0)
(0.707403 -0.0381165 0)
(0.751834 -0.0347191 0)
(0.792466 -0.0313855 0)
(0.829372 -0.0281594 0)
(0.862664 -0.0250757 0)
(0.89249 -0.0221614 0)
(0.919025 -0.0194361 0)
(0.942468 -0.0169127 0)
(0.963027 -0.0145979 0)
(0.980923 -0.0124933 0)
(0.996379 -0.0105963 0)
(1.00962 -0.00890079 0)
(1.02085 -0.00739795 0)
(1.0303 -0.00607692 0)
(1.03815 -0.00492548 0)
(1.04461 -0.00393051 0)
(1.04984 -0.0030785 0)
(1.054 -0.00235585 0)
(1.05726 -0.00174921 0)
(1.05974 -0.00124566 0)
(1.06156 -0.000832929 0)
(1.06283 -0.000499449 0)
(1.06365 -0.00023447 0)
(1.0641 -2.80904e-05 0)
(1.06426 0.000128717 0)
(1.06418 0.00024406 0)
(1.06392 0.000325209 0)
(1.06353 0.000378634 0)
(1.06304 0.000410116 0)
(1.06248 0.000424718 0)
(1.06187 0.000426882 0)
(1.06124 0.00042041 0)
(1.06059 0.000408567 0)
(1.05994 0.000394081 0)
(1.05929 0.000379242 0)
(1.05865 0.000365905 0)
(1.05801 0.000355583 0)
(1.05738 0.000349463 0)
(1.05674 0.000348479 0)
(1.0561 0.000353353 0)
(1.05546 0.000364652 0)
(1.05479 0.000382852 0)
(1.0541 0.000408452 0)
(1.05338 0.000442179 0)
(1.05262 0.000485365 0)
(1.05182 0.000540589 0)
(1.05095 0.000613271 0)
(1.05001 0.000712035 0)
(1.04898 0.000863084 0)
(1.04783 0.00109102 0)
(1.04618 0.00158724 0)
(-0.00865529 0.0430831 0)
(-0.0688023 0.100969 0)
(-0.152334 0.130611 0)
(-0.244221 0.139617 0)
(-0.333427 0.137231 0)
(-0.415522 0.129374 0)
(-0.488591 0.118999 0)
(-0.551758 0.107337 0)
(-0.604621 0.0948184 0)
(-0.646983 0.0815616 0)
(-0.67873 0.0676011 0)
(-0.699793 0.0529691 0)
(-0.710148 0.0377268 0)
(-0.709827 0.0219728 0)
(-0.698931 0.00584891 0)
(-0.67766 -0.0104653 0)
(-0.646343 -0.0267632 0)
(-0.60539 -0.0428165 0)
(-0.555324 -0.0583966 0)
(-0.496761 -0.0732768 0)
(-0.430408 -0.0872375 0)
(-0.357052 -0.100074 0)
(-0.277543 -0.111609 0)
(-0.192783 -0.121695 0)
(-0.103708 -0.130215 0)
(-0.011277 -0.137091 0)
(0.083554 -0.142282 0)
(0.179875 -0.145794 0)
(0.276806 -0.147666 0)
(0.373502 -0.147967 0)
(0.469177 -0.1468 0)
(0.563107 -0.144286 0)
(0.654639 -0.140563 0)
(0.743202 -0.13578 0)
(0.828304 -0.130098 0)
(0.909538 -0.12368 0)
(0.986575 -0.116689 0)
(1.05917 -0.109282 0)
(1.12715 -0.101608 0)
(1.19041 -0.0938055 0)
(1.24893 -0.0859991 0)
(1.30273 -0.0782983 0)
(1.35188 -0.0707973 0)
(1.39651 -0.0635747 0)
(1.43679 -0.0566934 0)
(1.47291 -0.0502016 0)
(1.50509 -0.0441336 0)
(1.53356 -0.0385116 0)
(1.55859 -0.0333464 0)
(1.58042 -0.0286393 0)
(1.59933 -0.0243836 0)
(1.61556 -0.0205659 0)
(1.62937 -0.0171676 0)
(1.641 -0.0141661 0)
(1.6507 -0.0115361 0)
(1.65867 -0.00925012 0)
(1.66514 -0.00728 0)
(1.67028 -0.00559716 0)
(1.67428 -0.00417332 0)
(1.6773 -0.00298098 0)
(1.67949 -0.00199375 0)
(1.68097 -0.00118666 0)
(1.68187 -0.000536254 0)
(1.68228 -2.08469e-05 0)
(1.68229 0.000379489 0)
(1.68199 0.00068281 0)
(1.68143 0.000905539 0)
(1.68068 0.00106244 0)
(1.67978 0.00116673 0)
(1.67877 0.00123006 0)
(1.67768 0.00126268 0)
(1.67653 0.00127343 0)
(1.67535 0.00126994 0)
(1.67413 0.00125864 0)
(1.6729 0.00124497 0)
(1.67166 0.00123339 0)
(1.67041 0.00122758 0)
(1.66914 0.00123046 0)
(1.66786 0.0012444 0)
(1.66656 0.00127126 0)
(1.66523 0.00131257 0)
(1.66386 0.00136972 0)
(1.66246 0.00144427 0)
(1.661 0.00153837 0)
(1.65949 0.00165547 0)
(1.6579 0.00180196 0)
(1.65624 0.00198673 0)
(1.65449 0.00223085 0)
(1.65272 0.00253307 0)
(1.65012 0.0031288 0)
(-0.0116037 0.0856479 0)
(-0.0862969 0.183952 0)
(-0.182174 0.227406 0)
(-0.281093 0.236169 0)
(-0.37133 0.226613 0)
(-0.449123 0.208387 0)
(-0.513236 0.186295 0)
(-0.563393 0.162429 0)
(-0.599762 0.137591 0)
(-0.622688 0.112056 0)
(-0.632572 0.0859292 0)
(-0.629832 0.0592873 0)
(-0.614903 0.0322431 0)
(-0.588247 0.00496049 0)
(-0.5504 -0.0223374 0)
(-0.501984 -0.0493759 0)
(-0.443654 -0.0758444 0)
(-0.376145 -0.101426 0)
(-0.300259 -0.125813 0)
(-0.216849 -0.148705 0)
(-0.126815 -0.169815 0)
(-0.0310995 -0.188888 0)
(0.0693187 -0.205697 0)
(0.173471 -0.220077 0)
(0.280409 -0.231916 0)
(0.389187 -0.241147 0)
(0.4989 -0.247756 0)
(0.608687 -0.251784 0)
(0.717727 -0.25332 0)
(0.825265 -0.252489 0)
(0.930613 -0.249453 0)
(1.03315 -0.244407 0)
(1.13235 -0.237566 0)
(1.22773 -0.229161 0)
(1.31891 -0.219433 0)
(1.40559 -0.208628 0)
(1.48753 -0.196985 0)
(1.56457 -0.184737 0)
(1.63661 -0.172106 0)
(1.70362 -0.159293 0)
(1.7656 -0.146484 0)
(1.82263 -0.133843 0)
(1.87483 -0.121509 0)
(1.92233 -0.109604 0)
(1.96532 -0.0982224 0)
(2.004 -0.0874416 0)
(2.03859 -0.0773172 0)
(2.06933 -0.0678869 0)
(2.09648 -0.0591722 0)
(2.12028 -0.0511799 0)
(2.14099 -0.0439046 0)
(2.15886 -0.0373304 0)
(2.17415 -0.0314329 0)
(2.1871 -0.0261809 0)
(2.19794 -0.0215381 0)
(2.2069 -0.0174648 0)
(2.21418 -0.0139187 0)
(2.21999 -0.0108566 0)
(2.2245 -0.00823476 0)
(2.22788 -0.00601022 0)
(2.23029 -0.00414113 0)
(2.23188 -0.00258733 0)
(2.23276 -0.00131078 0)
(2.23305 -0.00027577 0)
(2.23285 0.000550797 0)
(2.23224 0.00119943 0)
(2.23131 0.00169809 0)
(2.23012 0.0020722 0)
(2.22872 0.00234466 0)
(2.22715 0.0025359 0)
(2.22547 0.00266397 0)
(2.22369 0.00274469 0)
(2.22184 0.00279179 0)
(2.21994 0.00281706 0)
(2.21801 0.00283048 0)
(2.21604 0.00284047 0)
(2.21405 0.00285396 0)
(2.21204 0.00287666 0)
(2.21001 0.00291314 0)
(2.20796 0.0029671 0)
(2.20587 0.00304153 0)
(2.20375 0.00313896 0)
(2.20159 0.00326178 0)
(2.19938 0.00341272 0)
(2.19712 0.00359525 0)
(2.19479 0.00381485 0)
(2.1924 0.00407737 0)
(2.18992 0.00440084 0)
(2.18753 0.00476472 0)
(2.18401 0.00542147 0)
(-0.0139595 0.136123 0)
(-0.0952083 0.275052 0)
(-0.188575 0.325952 0)
(-0.275448 0.327212 0)
(-0.345946 0.304174 0)
(-0.398491 0.270433 0)
(-0.433446 0.232489 0)
(-0.451719 0.193143 0)
(-0.454396 0.153455 0)
(-0.442557 0.113771 0)
(-0.41721 0.0742031 0)
(-0.379287 0.0348319 0)
(-0.329678 -0.00422999 0)
(-0.269287 -0.0428187 0)
(-0.199015 -0.0806611 0)
(-0.119765 -0.117438 0)
(-0.032455 -0.152807 0)
(0.0619645 -0.186411 0)
(0.16251 -0.217896 0)
(0.268211 -0.246932 0)
(0.378103 -0.273217 0)
(0.491223 -0.296485 0)
(0.606632 -0.316524 0)
(0.72342 -0.333182 0)
(0.840709 -0.346373 0)
(0.957666 -0.356069 0)
(1.07352 -0.362302 0)
(1.18754 -0.365166 0)
(1.29909 -0.364813 0)
(1.40758 -0.361438 0)
(1.5125 -0.355279 0)
(1.61341 -0.346606 0)
(1.70996 -0.335711 0)
(1.80185 -0.322903 0)
(1.88886 -0.308497 0)
(1.97086 -0.29281 0)
(2.04775 -0.276149 0)
(2.11951 -0.258809 0)
(2.18616 -0.241068 0)
(2.24776 -0.223179 0)
(2.30443 -0.205373 0)
(2.35631 -0.18785 0)
(2.40358 -0.170788 0)
(2.44641 -0.15433 0)
(2.48503 -0.138599 0)
(2.51966 -0.123686 0)
(2.55052 -0.109661 0)
(2.57787 -0.0965697 0)
(2.60193 -0.08444 0)
(2.62295 -0.0732802 0)
(2.64116 -0.0630839 0)
(2.65679 -0.0538315 0)
(2.67008 -0.0454928 0)
(2.68123 -0.0380288 0)
(2.69045 -0.0313938 0)
(2.69795 -0.0255374 0)
(2.70391 -0.0204056 0)
(2.7085 -0.0159426 0)
(2.71189 -0.0120918 0)
(2.71422 -0.00879698 0)
(2.71564 -0.0060029 0)
(2.71628 -0.0036562 0)
(2.71624 -0.00170592 0)
(2.71564 -0.000103906 0)
(2.71456 0.00119504 0)
(2.71309 0.00223304 0)
(2.7113 0.00304898 0)
(2.70925 0.0036784 0)
(2.70699 0.00415352 0)
(2.70457 0.0045033 0)
(2.70203 0.00475354 0)
(2.6994 0.00492703 0)
(2.69669 0.00504371 0)
(2.69394 0.00512087 0)
(2.69116 0.00517332 0)
(2.68835 0.00521362 0)
(2.68552 0.00525229 0)
(2.68268 0.00529803 0)
(2.67982 0.00535792 0)
(2.67695 0.00543771 0)
(2.67407 0.005542 0)
(2.67116 0.00567453 0)
(2.66823 0.0058385 0)
(2.66526 0.0060369 0)
(2.66226 0.00627279 0)
(2.65921 0.00655007 0)
(2.65613 0.00687137 0)
(2.65297 0.00724935 0)
(2.65002 0.00765478 0)
(2.64563 0.00832668 0)
(-0.0161974 0.190783 0)
(-0.0959756 0.361904 0)
(-0.168609 0.40779 0)
(-0.220631 0.391634 0)
(-0.248335 0.348498 0)
(-0.254236 0.295107 0)
(-0.241016 0.238916 0)
(-0.211009 0.182935 0)
(-0.166239 0.128151 0)
(-0.108414 0.0747592 0)
(-0.038975 0.0227133 0)
(0.0408158 -0.028045 0)
(0.129728 -0.0774687 0)
(0.226609 -0.125368 0)
(0.330381 -0.171488 0)
(0.439986 -0.21552 0)
(0.554392 -0.25713 0)
(0.672597 -0.295973 0)
(0.793631 -0.331708 0)
(0.916559 -0.364014 0)
(1.04048 -0.392611 0)
(1.16455 -0.417269 0)
(1.28795 -0.437813 0)
(1.40994 -0.454138 0)
(1.52981 -0.466208 0)
(1.64694 -0.474054 0)
(1.76075 -0.477777 0)
(1.87074 -0.477539 0)
(1.97647 -0.473562 0)
(2.0776 -0.466117 0)
(2.17382 -0.455515 0)
(2.26493 -0.442101 0)
(2.35076 -0.426238 0)
(2.43124 -0.408305 0)
(2.50633 -0.388681 0)
(2.57607 -0.367743 0)
(2.64053 -0.345852 0)
(2.69984 -0.32335 0)
(2.75415 -0.300556 0)
(2.80364 -0.277759 0)
(2.84854 -0.255217 0)
(2.88905 -0.233155 0)
(2.92543 -0.211765 0)
(2.95791 -0.191206 0)
(2.98675 -0.171606 0)
(3.01219 -0.153063 0)
(3.03448 -0.135646 0)
(3.05386 -0.119401 0)
(3.07057 -0.104352 0)
(3.08481 -0.0905011 0)
(3.09682 -0.077836 0)
(3.10679 -0.0663289 0)
(3.11492 -0.0559407 0)
(3.12139 -0.0466231 0)
(3.12637 -0.0383203 0)
(3.13003 -0.0309712 0)
(3.13251 -0.0245113 0)
(3.13395 -0.0188738 0)
(3.13448 -0.0139911 0)
(3.13422 -0.00979611 0)
(3.13328 -0.00622272 0)
(3.13176 -0.0032071 0)
(3.12975 -0.000688085 0)
(3.12732 0.00139268 0)
(3.12456 0.00309036 0)
(3.12152 0.00445648 0)
(3.11826 0.00553874 0)
(3.11483 0.00638092 0)
(3.11128 0.00702288 0)
(3.10762 0.00750064 0)
(3.1039 0.00784651 0)
(3.10015 0.00808918 0)
(3.09637 0.00825392 0)
(3.09258 0.0083628 0)
(3.0888 0.00843484 0)
(3.08504 0.00848631 0)
(3.08129 0.00853094 0)
(3.07756 0.00858016 0)
(3.07385 0.00864336 0)
(3.07016 0.00872815 0)
(3.06648 0.00884062 0)
(3.06282 0.0089856 0)
(3.05916 0.00916691 0)
(3.0555 0.00938766 0)
(3.05184 0.0096503 0)
(3.04816 0.00995727 0)
(3.04449 0.0103085 0)
(3.04076 0.0107112 0)
(3.03734 0.011138 0)
(3.03225 0.0117763 0)
(-0.018386 0.249274 0)
(-0.0850843 0.430456 0)
(-0.110793 0.449921 0)
(-0.0983228 0.404838 0)
(-0.0568207 0.337009 0)
(0.00558777 0.262976 0)
(0.0840343 0.189471 0)
(0.175238 0.118883 0)
(0.276765 0.0516227 0)
(0.386749 -0.0125772 0)
(0.503843 -0.0740163 0)
(0.626713 -0.132851 0)
(0.754106 -0.189094 0)
(0.884902 -0.24263 0)
(1.01806 -0.293267 0)
(1.15262 -0.340756 0)
(1.28768 -0.384809 0)
(1.42238 -0.425128 0)
(1.55593 -0.461423 0)
(1.68762 -0.493429 0)
(1.81675 -0.520924 0)
(1.94273 -0.543738 0)
(2.06498 -0.561758 0)
(2.18303 -0.574942 0)
(2.29643 -0.583319 0)
(2.40482 -0.586989 0)
(2.50789 -0.586118 0)
(2.60541 -0.580942 0)
(2.69719 -0.571749 0)
(2.78313 -0.558882 0)
(2.86318 -0.542718 0)
(2.93734 -0.523666 0)
(3.00569 -0.502152 0)
(3.06834 -0.478611 0)
(3.12544 -0.453473 0)
(3.1772 -0.427159 0)
(3.22385 -0.400067 0)
(3.26564 -0.372573 0)
(3.30284 -0.345017 0)
(3.33575 -0.317709 0)
(3.36464 -0.290917 0)
(3.38983 -0.264874 0)
(3.41158 -0.239774 0)
(3.4302 -0.215773 0)
(3.44594 -0.192995 0)
(3.45908 -0.171529 0)
(3.46985 -0.151435 0)
(3.4785 -0.132748 0)
(3.48524 -0.115478 0)
(3.49026 -0.0996164 0)
(3.49377 -0.0851371 0)
(3.49592 -0.0719997 0)
(3.49689 -0.0601524 0)
(3.49681 -0.0495347 0)
(3.49582 -0.040079 0)
(3.49403 -0.031713 0)
(3.49156 -0.0243613 0)
(3.48851 -0.017947 0)
(3.48497 -0.0123927 0)
(3.48102 -0.00762222 0)
(3.47672 -0.00356095 0)
(3.47216 -0.000136662 0)
(3.46738 0.00272017 0)
(3.46244 0.00507576 0)
(3.45738 0.00699245 0)
(3.45224 0.00852849 0)
(3.44706 0.00973783 0)
(3.44186 0.0106701 0)
(3.43667 0.0113706 0)
(3.43151 0.0118805 0)
(3.4264 0.0122368 0)
(3.42135 0.0124723 0)
(3.41637 0.0126163 0)
(3.41146 0.0126942 0)
(3.40664 0.0127283 0)
(3.4019 0.0127375 0)
(3.39724 0.0127379 0)
(3.39266 0.0127431 0)
(3.38815 0.0127641 0)
(3.38372 0.0128099 0)
(3.37936 0.0128877 0)
(3.37505 0.0130031 0)
(3.37081 0.0131603 0)
(3.3666 0.0133623 0)
(3.36245 0.0136111 0)
(3.35832 0.0139076 0)
(3.35424 0.0142508 0)
(3.35013 0.0146411 0)
(3.34643 0.0150639 0)
(3.34092 0.015617 0)
(-0.0197742 0.31328 0)
(-0.0413196 0.457559 0)
(0.0259062 0.418846 0)
(0.143482 0.336526 0)
(0.282649 0.245831 0)
(0.43179 0.156134 0)
(0.586558 0.0712029 0)
(0.744581 -0.00799153 0)
(0.904397 -0.0818521 0)
(1.06487 -0.151072 0)
(1.225 -0.216155 0)
(1.38396 -0.277383 0)
(1.54102 -0.334885 0)
(1.69549 -0.388674 0)
(1.84678 -0.438664 0)
(1.99432 -0.484685 0)
(2.13761 -0.526524 0)
(2.27618 -0.563948 0)
(2.40961 -0.596729 0)
(2.53753 -0.624668 0)
(2.65962 -0.647601 0)
(2.7756 -0.665418 0)
(2.88524 -0.67807 0)
(2.98836 -0.685574 0)
(3.08485 -0.688018 0)
(3.17463 -0.685562 0)
(3.25768 -0.678436 0)
(3.33403 -0.666931 0)
(3.40376 -0.651398 0)
(3.46702 -0.632232 0)
(3.52399 -0.609868 0)
(3.57489 -0.584763 0)
(3.61999 -0.557388 0)
(3.65959 -0.528215 0)
(3.694 -0.497709 0)
(3.72358 -0.466314 0)
(3.74867 -0.434451 0)
(3.76962 -0.402504 0)
(3.7868 -0.370822 0)
(3.80056 -0.339713 0)
(3.81122 -0.309443 0)
(3.81913 -0.280234 0)
(3.82458 -0.25227 0)
(3.82785 -0.225692 0)
(3.82923 -0.200606 0)
(3.82895 -0.177085 0)
(3.82723 -0.15517 0)
(3.82429 -0.134878 0)
(3.8203 -0.116201 0)
(3.81542 -0.0991124 0)
(3.80982 -0.0835691 0)
(3.80361 -0.0695151 0)
(3.79691 -0.0568839 0)
(3.78982 -0.0456011 0)
(3.78244 -0.0355866 0)
(3.77483 -0.0267568 0)
(3.76707 -0.0190257 0)
(3.75922 -0.0123071 0)
(3.75132 -0.00651541 0)
(3.74342 -0.00156661 0)
(3.73556 0.00262122 0)
(3.72777 0.00612707 0)
(3.72007 0.00902648 0)
(3.71249 0.0113909 0)
(3.70504 0.0132873 0)
(3.69774 0.0147782 0)
(3.6906 0.0159216 0)
(3.68364 0.0167707 0)
(3.67685 0.0173742 0)
(3.67024 0.0177763 0)
(3.66381 0.0180168 0)
(3.65757 0.0181312 0)
(3.6515 0.0181509 0)
(3.64562 0.0181035 0)
(3.63991 0.018013 0)
(3.63437 0.0178999 0)
(3.62899 0.0177818 0)
(3.62377 0.0176733 0)
(3.61869 0.0175865 0)
(3.61375 0.0175311 0)
(3.60894 0.0175149 0)
(3.60426 0.0175437 0)
(3.59968 0.0176219 0)
(3.59521 0.0177523 0)
(3.59083 0.0179362 0)
(3.58654 0.0181736 0)
(3.58234 0.0184631 0)
(3.57815 0.0187989 0)
(3.57441 0.0191862 0)
(3.56891 0.0196013 0)
(0.0181217 0.31649 0)
(0.131036 0.369865 0)
(0.364783 0.262176 0)
(0.629535 0.15241 0)
(0.882436 0.0535917 0)
(1.11963 -0.0376629 0)
(1.34431 -0.121462 0)
(1.55785 -0.197805 0)
(1.76069 -0.26777 0)
(1.95355 -0.332476 0)
(2.13713 -0.392605 0)
(2.31189 -0.448507 0)
(2.47808 -0.500351 0)
(2.63588 -0.548177 0)
(2.78539 -0.591922 0)
(2.92667 -0.631444 0)
(3.05977 -0.666554 0)
(3.18469 -0.697047 0)
(3.30146 -0.722724 0)
(3.41009 -0.743416 0)
(3.51061 -0.758994 0)
(3.60309 -0.769385 0)
(3.6876 -0.774577 0)
(3.76425 -0.774629 0)
(3.83321 -0.769674 0)
(3.89466 -0.759917 0)
(3.94882 -0.745632 0)
(3.99598 -0.727157 0)
(4.03645 -0.704887 0)
(4.07058 -0.67926 0)
(4.09876 -0.650744 0)
(4.12139 -0.619831 0)
(4.13891 -0.587016 0)
(4.15176 -0.552791 0)
(4.16038 -0.51763 0)
(4.16523 -0.481984 0)
(4.16672 -0.446269 0)
(4.16528 -0.410864 0)
(4.1613 -0.376102 0)
(4.15515 -0.342274 0)
(4.14717 -0.309624 0)
(4.13767 -0.278354 0)
(4.12694 -0.248619 0)
(4.11522 -0.220538 0)
(4.10273 -0.194192 0)
(4.08968 -0.169627 0)
(4.07623 -0.146863 0)
(4.06253 -0.125893 0)
(4.04871 -0.106688 0)
(4.03487 -0.0892043 0)
(4.0211 -0.0733798 0)
(4.00747 -0.059143 0)
(3.99405 -0.0464133 0)
(3.98087 -0.0351036 0)
(3.96799 -0.0251225 0)
(3.95543 -0.0163767 0)
(3.94321 -0.00877204 0)
(3.93134 -0.00221446 0)
(3.91985 0.00338824 0)
(3.90873 0.00812584 0)
(3.89799 0.0120853 0)
(3.88763 0.0153499 0)
(3.87764 0.0179983 0)
(3.86802 0.0201049 0)
(3.85876 0.0217392 0)
(3.84987 0.022966 0)
(3.84132 0.0238452 0)
(3.83311 0.0244318 0)
(3.82523 0.024776 0)
(3.81766 0.0249233 0)
(3.81041 0.0249146 0)
(3.80345 0.0247864 0)
(3.79678 0.024571 0)
(3.79038 0.0242968 0)
(3.78424 0.0239882 0)
(3.77835 0.0236665 0)
(3.77269 0.0233494 0)
(3.76726 0.0230521 0)
(3.76204 0.0227869 0)
(3.75702 0.0225636 0)
(3.75219 0.02239 0)
(3.74754 0.022272 0)
(3.74305 0.0222136 0)
(3.73871 0.0222173 0)
(3.73452 0.022284 0)
(3.73046 0.0224128 0)
(3.72653 0.0226027 0)
(3.72266 0.0228418 0)
(3.71923 0.0231592 0)
(3.71428 0.0233904 0)
(0.467626 0.0139827 0)
(0.824803 -0.016696 0)
(1.217 -0.101837 0)
(1.5919 -0.179308 0)
(1.91127 -0.245247 0)
(2.18563 -0.307469 0)
(2.43005 -0.367454 0)
(2.65159 -0.424258 0)
(2.85354 -0.477578 0)
(3.03853 -0.527623 0)
(3.20872 -0.574542 0)
(3.36566 -0.61832 0)
(3.51041 -0.658845 0)
(3.64376 -0.695951 0)
(3.76632 -0.72943 0)
(3.87857 -0.75904 0)
(3.98088 -0.784525 0)
(4.07358 -0.805632 0)
(4.15693 -0.822136 0)
(4.23117 -0.833853 0)
(4.29655 -0.840654 0)
(4.35331 -0.842474 0)
(4.40173 -0.839324 0)
(4.44212 -0.831287 0)
(4.47481 -0.81853 0)
(4.50018 -0.801293 0)
(4.51867 -0.77989 0)
(4.53073 -0.754696 0)
(4.53685 -0.726138 0)
(4.53757 -0.694684 0)
(4.53341 -0.660825 0)
(4.52495 -0.625065 0)
(4.51273 -0.587906 0)
(4.49728 -0.549837 0)
(4.47914 -0.511322 0)
(4.4588 -0.472792 0)
(4.43672 -0.434639 0)
(4.41331 -0.397211 0)
(4.38897 -0.360811 0)
(4.36404 -0.325692 0)
(4.33879 -0.292065 0)
(4.3135 -0.260092 0)
(4.28838 -0.229897 0)
(4.2636 -0.201563 0)
(4.2393 -0.175141 0)
(4.21561 -0.150649 0)
(4.1926 -0.128082 0)
(4.17035 -0.107409 0)
(4.1489 -0.0885828 0)
(4.12828 -0.0715399 0)
(4.1085 -0.0562048 0)
(4.08956 -0.0424928 0)
(4.07146 -0.0303123 0)
(4.05419 -0.0195671 0)
(4.03773 -0.0101585 0)
(4.02205 -0.00198644 0)
(4.00713 0.00504818 0)
(3.99294 0.0110427 0)
(3.97946 0.0160927 0)
(3.96665 0.0202907 0)
(3.95448 0.0237252 0)
(3.94292 0.0264805 0)
(3.93196 0.0286361 0)
(3.92155 0.0302668 0)
(3.91168 0.0314428 0)
(3.9023 0.0322288 0)
(3.89341 0.0326849 0)
(3.88498 0.0328659 0)
(3.87698 0.0328219 0)
(3.86939 0.032598 0)
(3.86219 0.0322348 0)
(3.85536 0.0317685 0)
(3.84888 0.031231 0)
(3.84273 0.0306502 0)
(3.83689 0.0300504 0)
(3.83136 0.0294523 0)
(3.82611 0.0288734 0)
(3.82112 0.0283285 0)
(3.81639 0.0278294 0)
(3.81189 0.0273857 0)
(3.80762 0.027005 0)
(3.80356 0.0266925 0)
(3.79969 0.0264521 0)
(3.79602 0.0262857 0)
(3.79251 0.0261941 0)
(3.78917 0.0261753 0)
(3.78598 0.0262294 0)
(3.78289 0.0263393 0)
(3.78018 0.0265566 0)
(3.77637 0.0265768 0)
(2.57415 -0.456434 0)
(2.74709 -0.494719 0)
(2.94724 -0.499404 0)
(3.18154 -0.51184 0)
(3.40111 -0.532087 0)
(3.59519 -0.558214 0)
(3.76972 -0.588673 0)
(3.92826 -0.621455 0)
(4.07189 -0.654883 0)
(4.20169 -0.687911 0)
(4.31895 -0.719857 0)
(4.42472 -0.750175 0)
(4.51971 -0.778376 0)
(4.60443 -0.804012 0)
(4.6793 -0.826671 0)
(4.74464 -0.845965 0)
(4.80069 -0.861538 0)
(4.8477 -0.873075 0)
(4.88588 -0.880314 0)
(4.91545 -0.883056 0)
(4.93668 -0.881176 0)
(4.94986 -0.874632 0)
(4.95534 -0.863463 0)
(4.95355 -0.847796 0)
(4.94496 -0.827841 0)
(4.93008 -0.803885 0)
(4.9095 -0.776284 0)
(4.88384 -0.745451 0)
(4.85374 -0.711842 0)
(4.81987 -0.67594 0)
(4.78287 -0.638245 0)
(4.74341 -0.599255 0)
(4.7021 -0.559456 0)
(4.65953 -0.519309 0)
(4.61624 -0.479242 0)
(4.57273 -0.439644 0)
(4.52942 -0.400861 0)
(4.48669 -0.363191 0)
(4.44484 -0.326885 0)
(4.40416 -0.292148 0)
(4.36482 -0.259139 0)
(4.327 -0.227978 0)
(4.29081 -0.198746 0)
(4.2563 -0.17149 0)
(4.22353 -0.146228 0)
(4.19251 -0.122949 0)
(4.16321 -0.101624 0)
(4.1356 -0.0822026 0)
(4.10965 -0.0646215 0)
(4.08528 -0.048804 0)
(4.06243 -0.0346645 0)
(4.04102 -0.0221106 0)
(4.02099 -0.0110448 0)
(4.00225 -0.00136659 0)
(3.98473 0.00702408 0)
(3.96835 0.0142269 0)
(3.95304 0.0203411 0)
(3.93872 0.0254642 0)
(3.92535 0.0296904 0)
(3.91285 0.0331104 0)
(3.90116 0.0358107 0)
(3.89023 0.0378736 0)
(3.88001 0.0393768 0)
(3.87044 0.0403931 0)
(3.86149 0.0409904 0)
(3.85311 0.0412315 0)
(3.84527 0.0411743 0)
(3.83793 0.0408717 0)
(3.83105 0.0403719 0)
(3.82461 0.0397183 0)
(3.81858 0.0389499 0)
(3.81294 0.0381011 0)
(3.80765 0.0372026 0)
(3.80271 0.0362809 0)
(3.79808 0.0353591 0)
(3.79376 0.0344569 0)
(3.78972 0.0335908 0)
(3.78594 0.0327747 0)
(3.78242 0.0320196 0)
(3.77914 0.0313345 0)
(3.77608 0.0307262 0)
(3.77323 0.0301996 0)
(3.77058 0.029758 0)
(3.76812 0.029403 0)
(3.76584 0.0291349 0)
(3.76372 0.0289517 0)
(3.76176 0.0288535 0)
(3.75991 0.028821 0)
(3.75832 0.0289198 0)
(3.75623 0.0287347 0)
(4.89055 -0.397704 0)
(4.84589 -0.518774 0)
(4.83424 -0.57945 0)
(4.86999 -0.618031 0)
(4.92725 -0.648727 0)
(4.9896 -0.675346 0)
(5.05298 -0.700436 0)
(5.11538 -0.725323 0)
(5.17441 -0.750054 0)
(5.22837 -0.774192 0)
(5.2764 -0.797258 0)
(5.31797 -0.818789 0)
(5.35267 -0.838312 0)
(5.38016 -0.855365 0)
(5.40016 -0.86951 0)
(5.41251 -0.88035 0)
(5.41708 -0.887539 0)
(5.41386 -0.890786 0)
(5.40291 -0.889874 0)
(5.38438 -0.88466 0)
(5.35854 -0.875088 0)
(5.32574 -0.86119 0)
(5.28646 -0.843083 0)
(5.24124 -0.820971 0)
(5.19072 -0.795133 0)
(5.13557 -0.765918 0)
(5.07655 -0.733728 0)
(5.01442 -0.699008 0)
(4.94995 -0.66223 0)
(4.88391 -0.623875 0)
(4.81701 -0.584423 0)
(4.74995 -0.544342 0)
(4.68336 -0.504071 0)
(4.6178 -0.464016 0)
(4.55376 -0.424545 0)
(4.49167 -0.38598 0)
(4.43185 -0.348599 0)
(4.37458 -0.312633 0)
(4.32006 -0.27827 0)
(4.26842 -0.245653 0)
(4.21973 -0.214889 0)
(4.17402 -0.186047 0)
(4.13128 -0.159167 0)
(4.09145 -0.134259 0)
(4.05445 -0.11131 0)
(4.02018 -0.0902886 0)
(3.98852 -0.0711441 0)
(3.95932 -0.0538135 0)
(3.93246 -0.0382227 0)
(3.90777 -0.0242888 0)
(3.88513 -0.0119217 0)
(3.86437 -0.00102743 0)
(3.84537 0.0084888 0)
(3.82798 0.0167222 0)
(3.81208 0.0237693 0)
(3.79755 0.029726 0)
(3.78428 0.0346866 0)
(3.77215 0.0387429 0)
(3.76108 0.0419836 0)
(3.75096 0.0444937 0)
(3.74172 0.0463544 0)
(3.73327 0.0476427 0)
(3.72556 0.0484311 0)
(3.7185 0.0487875 0)
(3.71206 0.0487751 0)
(3.70616 0.0484524 0)
(3.70078 0.0478733 0)
(3.69585 0.0470869 0)
(3.69136 0.046138 0)
(3.68725 0.0450667 0)
(3.68351 0.0439091 0)
(3.6801 0.0426973 0)
(3.67699 0.0414594 0)
(3.67418 0.0402199 0)
(3.67163 0.0389999 0)
(3.66934 0.0378175 0)
(3.66727 0.0366878 0)
(3.66543 0.0356233 0)
(3.6638 0.0346339 0)
(3.66236 0.0337278 0)
(3.6611 0.0329107 0)
(3.66002 0.0321872 0)
(3.65911 0.03156 0)
(3.65835 0.0310304 0)
(3.65774 0.0305987 0)
(3.65726 0.0302627 0)
(3.65691 0.030023 0)
(3.65669 0.0298599 0)
(3.65654 0.0298406 0)
(3.65659 0.0294964 0)
(6.11052 -0.34356 0)
(6.06055 -0.462894 0)
(6.0094 -0.541542 0)
(5.97556 -0.598595 0)
(5.95629 -0.644404 0)
(5.94495 -0.682084 0)
(5.93851 -0.713914 0)
(5.93508 -0.741862 0)
(5.93232 -0.766915 0)
(5.92804 -0.789351 0)
(5.92057 -0.809171 0)
(5.90871 -0.826263 0)
(5.8915 -0.84043 0)
(5.86818 -0.851421 0)
(5.83821 -0.858979 0)
(5.80124 -0.862866 0)
(5.7571 -0.862888 0)
(5.70581 -0.858906 0)
(5.64753 -0.850846 0)
(5.58261 -0.838711 0)
(5.5115 -0.822578 0)
(5.43481 -0.802601 0)
(5.35324 -0.77901 0)
(5.26757 -0.752098 0)
(5.17866 -0.722217 0)
(5.08738 -0.689764 0)
(4.99463 -0.655166 0)
(4.90129 -0.618872 0)
(4.80819 -0.581333 0)
(4.71612 -0.542992 0)
(4.6258 -0.504275 0)
(4.53787 -0.465579 0)
(4.45287 -0.427267 0)
(4.37127 -0.389663 0)
(4.29342 -0.353048 0)
(4.21959 -0.31766 0)
(4.14999 -0.283697 0)
(4.08471 -0.251313 0)
(4.02381 -0.220626 0)
(3.96725 -0.191721 0)
(3.91498 -0.164649 0)
(3.86687 -0.139435 0)
(3.82277 -0.116083 0)
(3.78251 -0.0945726 0)
(3.74589 -0.0748702 0)
(3.7127 -0.0569267 0)
(3.68272 -0.040682 0)
(3.65573 -0.0260667 0)
(3.63152 -0.0130033 0)
(3.60984 -0.00140966 0)
(3.59051 0.00879812 0)
(3.57332 0.0177046 0)
(3.55808 0.0253965 0)
(3.54461 0.0319617 0)
(3.53275 0.0374881 0)
(3.52234 0.0420621 0)
(3.51322 0.0457684 0)
(3.50527 0.0486888 0)
(3.49836 0.0509026 0)
(3.49238 0.0524855 0)
(3.48723 0.05351 0)
(3.48282 0.0540444 0)
(3.47906 0.0541535 0)
(3.47588 0.0538976 0)
(3.47321 0.0533331 0)
(3.471 0.0525122 0)
(3.46918 0.051483 0)
(3.46773 0.0502891 0)
(3.46659 0.0489707 0)
(3.46573 0.0475634 0)
(3.46512 0.0460995 0)
(3.46474 0.0446074 0)
(3.46455 0.0431121 0)
(3.46455 0.0416353 0)
(3.46472 0.0401957 0)
(3.46503 0.0388092 0)
(3.46549 0.0374889 0)
(3.46607 0.0362457 0)
(3.46678 0.0350883 0)
(3.4676 0.0340234 0)
(3.46853 0.0330563 0)
(3.46956 0.0321905 0)
(3.47069 0.0314286 0)
(3.47191 0.0307717 0)
(3.47322 0.0302202 0)
(3.47462 0.0297725 0)
(3.47608 0.0294288 0)
(3.47765 0.0291729 0)
(3.47911 0.0290579 0)
(3.48145 0.0286404 0)
(6.46412 -0.331013 0)
(6.46441 -0.430323 0)
(6.44669 -0.507156 0)
(6.42482 -0.567367 0)
(6.4026 -0.616715 0)
(6.37879 -0.657552 0)
(6.35244 -0.691339 0)
(6.32304 -0.719512 0)
(6.28966 -0.74307 0)
(6.25113 -0.762513 0)
(6.20646 -0.778068 0)
(6.15497 -0.789847 0)
(6.09618 -0.797882 0)
(6.02981 -0.802155 0)
(5.95579 -0.802635 0)
(5.87424 -0.7993 0)
(5.78548 -0.792158 0)
(5.68999 -0.781261 0)
(5.5884 -0.766711 0)
(5.48147 -0.748663 0)
(5.37006 -0.727325 0)
(5.25512 -0.70296 0)
(5.13764 -0.675875 0)
(5.01864 -0.646414 0)
(4.89914 -0.614954 0)
(4.78014 -0.581886 0)
(4.66256 -0.54761 0)
(4.54728 -0.512521 0)
(4.43509 -0.477002 0)
(4.32666 -0.441411 0)
(4.22259 -0.406079 0)
(4.12334 -0.371303 0)
(4.02928 -0.337343 0)
(3.94069 -0.304422 0)
(3.85772 -0.272725 0)
(3.78047 -0.242399 0)
(3.70893 -0.213561 0)
(3.64304 -0.186293 0)
(3.58266 -0.160652 0)
(3.52764 -0.136667 0)
(3.47774 -0.11435 0)
(3.43273 -0.093691 0)
(3.39235 -0.074668 0)
(3.35631 -0.0572444 0)
(3.32433 -0.0413745 0)
(3.29613 -0.0270031 0)
(3.2714 -0.0140683 0)
(3.24986 -0.00250249 0)
(3.23124 0.00776294 0)
(3.21529 0.0167982 0)
(3.20176 0.0246747 0)
(3.1904 0.0314669 0)
(3.181 0.0372502 0)
(3.17334 0.0421002 0)
(3.16723 0.0460908 0)
(3.1625 0.0492952 0)
(3.15898 0.0517842 0)
(3.15652 0.053627 0)
(3.15498 0.0548899 0)
(3.15423 0.0556369 0)
(3.15418 0.0559288 0)
(3.15471 0.0558237 0)
(3.15575 0.0553759 0)
(3.1572 0.0546371 0)
(3.15901 0.0536546 0)
(3.16111 0.0524733 0)
(3.16345 0.0511336 0)
(3.16598 0.0496731 0)
(3.16867 0.0481256 0)
(3.17148 0.0465219 0)
(3.17438 0.044889 0)
(3.17735 0.0432514 0)
(3.18038 0.04163 0)
(3.18345 0.0400434 0)
(3.18654 0.038507 0)
(3.18965 0.0370343 0)
(3.19278 0.0356361 0)
(3.19591 0.0343217 0)
(3.19905 0.0330977 0)
(3.2022 0.0319701 0)
(3.20536 0.0309427 0)
(3.20852 0.0300189 0)
(3.2117 0.0292005 0)
(3.21488 0.0284892 0)
(3.21808 0.0278852 0)
(3.2213 0.0273888 0)
(3.22452 0.0269997 0)
(3.2278 0.0267083 0)
(3.2308 0.0265413 0)
(3.23524 0.0261637 0)
(6.47736 -0.371412 0)
(6.51109 -0.445828 0)
(6.52061 -0.507872 0)
(6.51404 -0.55806 0)
(6.4954 -0.599055 0)
(6.46548 -0.632393 0)
(6.42459 -0.65894 0)
(6.3732 -0.679592 0)
(6.31162 -0.69516 0)
(6.23994 -0.706201 0)
(6.15833 -0.713077 0)
(6.06711 -0.716053 0)
(5.96677 -0.715334 0)
(5.85792 -0.711089 0)
(5.74131 -0.703466 0)
(5.61778 -0.692611 0)
(5.4883 -0.678684 0)
(5.3539 -0.661865 0)
(5.21569 -0.642361 0)
(5.07479 -0.620404 0)
(4.93237 -0.596255 0)
(4.78955 -0.570199 0)
(4.64746 -0.54254 0)
(4.50714 -0.513594 0)
(4.36958 -0.483682 0)
(4.23566 -0.453125 0)
(4.10618 -0.422232 0)
(3.98181 -0.391294 0)
(3.86313 -0.360583 0)
(3.75057 -0.330342 0)
(3.64447 -0.300785 0)
(3.54507 -0.272096 0)
(3.45247 -0.24443 0)
(3.36673 -0.21791 0)
(3.28778 -0.192632 0)
(3.21552 -0.168667 0)
(3.14975 -0.146063 0)
(3.09027 -0.124847 0)
(3.03679 -0.105031 0)
(2.98902 -0.0866101 0)
(2.94665 -0.0695681 0)
(2.90935 -0.0538786 0)
(2.87678 -0.0395074 0)
(2.8486 -0.0264131 0)
(2.82447 -0.0145489 0)
(2.80406 -0.00386345 0)
(2.78705 0.00569595 0)
(2.77313 0.0141828 0)
(2.76202 0.0216515 0)
(2.75344 0.0281592 0)
(2.74711 0.0337651 0)
(2.74278 0.0385293 0)
(2.74023 0.0425111 0)
(2.73924 0.0457694 0)
(2.73961 0.0483622 0)
(2.74115 0.0503467 0)
(2.74369 0.0517782 0)
(2.7471 0.0527111 0)
(2.75121 0.0531977 0)
(2.75592 0.0532887 0)
(2.76111 0.0530321 0)
(2.76668 0.0524742 0)
(2.77254 0.0516584 0)
(2.77862 0.050626 0)
(2.78484 0.049415 0)
(2.79116 0.0480613 0)
(2.79752 0.0465976 0)
(2.80389 0.045054 0)
(2.81021 0.0434578 0)
(2.81648 0.0418335 0)
(2.82267 0.0402031 0)
(2.82876 0.0385859 0)
(2.83473 0.0369989 0)
(2.84059 0.0354565 0)
(2.84632 0.0339713 0)
(2.85193 0.0325535 0)
(2.85741 0.0312118 0)
(2.86278 0.0299529 0)
(2.86803 0.0287824 0)
(2.87317 0.0277045 0)
(2.87822 0.0267222 0)
(2.88318 0.0258381 0)
(2.88805 0.0250542 0)
(2.89286 0.024372 0)
(2.8976 0.0237932 0)
(2.90228 0.0233196 0)
(2.90691 0.0229524 0)
(2.91153 0.0226904 0)
(2.91576 0.0225304 0)
(2.92179 0.0223112 0)
(6.42244 -0.42671 0)
(6.44317 -0.47332 0)
(6.43609 -0.512903 0)
(6.40636 -0.544422 0)
(6.35777 -0.568774 0)
(6.29242 -0.586854 0)
(6.21184 -0.599276 0)
(6.11755 -0.606693 0)
(6.01098 -0.609795 0)
(5.89337 -0.609158 0)
(5.76593 -0.605219 0)
(5.62987 -0.598323 0)
(5.48645 -0.588759 0)
(5.33696 -0.576773 0)
(5.18265 -0.56258 0)
(5.0248 -0.546382 0)
(4.86467 -0.528369 0)
(4.70348 -0.508736 0)
(4.54243 -0.487682 0)
(4.38266 -0.465413 0)
(4.22524 -0.442141 0)
(4.07117 -0.418085 0)
(3.92134 -0.393466 0)
(3.77656 -0.368505 0)
(3.63751 -0.343415 0)
(3.50479 -0.318399 0)
(3.37884 -0.293646 0)
(3.26003 -0.269328 0)
(3.1486 -0.245595 0)
(3.04469 -0.222579 0)
(2.94835 -0.200386 0)
(2.85955 -0.179104 0)
(2.77818 -0.1588 0)
(2.70406 -0.139524 0)
(2.63698 -0.121307 0)
(2.57666 -0.104168 0)
(2.5228 -0.0881133 0)
(2.47508 -0.0731382 0)
(2.43315 -0.0592288 0)
(2.39665 -0.0463664 0)
(2.36522 -0.0345244 0)
(2.33851 -0.0236745 0)
(2.31615 -0.0137819 0)
(2.2978 -0.00481157 0)
(2.28311 0.00327475 0)
(2.27175 0.0105134 0)
(2.26343 0.0169434 0)
(2.25784 0.0226028 0)
(2.25468 0.0275345 0)
(2.2537 0.0317799 0)
(2.25463 0.0353827 0)
(2.25723 0.0383843 0)
(2.2613 0.0408279 0)
(2.26662 0.0427542 0)
(2.273 0.0442059 0)
(2.28027 0.0452228 0)
(2.28827 0.045846 0)
(2.29686 0.0461139 0)
(2.30591 0.0460658 0)
(2.3153 0.0457376 0)
(2.32493 0.045166 0)
(2.33471 0.0443838 0)
(2.34456 0.0434246 0)
(2.3544 0.0423177 0)
(2.36418 0.0410927 0)
(2.37385 0.0397751 0)
(2.38336 0.0383906 0)
(2.39269 0.0369604 0)
(2.4018 0.035506 0)
(2.41068 0.0340446 0)
(2.41931 0.0325936 0)
(2.42768 0.031166 0)
(2.43579 0.0297756 0)
(2.44363 0.0284316 0)
(2.45122 0.0271444 0)
(2.45855 0.0259201 0)
(2.46565 0.024766 0)
(2.47251 0.0236857 0)
(2.47915 0.0226841 0)
(2.48559 0.021763 0)
(2.49183 0.0209257 0)
(2.49791 0.020173 0)
(2.50383 0.019508 0)
(2.50961 0.0189317 0)
(2.51527 0.018448 0)
(2.52081 0.0180605 0)
(2.52625 0.0177747 0)
(2.53163 0.0175989 0)
(2.53659 0.0175086 0)
(2.54342 0.0175446 0)
(6.21232 -0.442838 0)
(6.1637 -0.458283 0)
(6.08928 -0.47121 0)
(5.9937 -0.480157 0)
(5.88091 -0.485029 0)
(5.75382 -0.48616 0)
(5.61475 -0.483897 0)
(5.46584 -0.478654 0)
(5.309 -0.470911 0)
(5.14594 -0.46111 0)
(4.97818 -0.449607 0)
(4.80716 -0.436681 0)
(4.63421 -0.42256 0)
(4.46058 -0.407431 0)
(4.28744 -0.391456 0)
(4.11586 -0.374768 0)
(3.94684 -0.357492 0)
(3.78129 -0.339744 0)
(3.62005 -0.321638 0)
(3.46386 -0.303287 0)
(3.31338 -0.284805 0)
(3.16918 -0.266306 0)
(3.03172 -0.247904 0)
(2.90138 -0.229706 0)
(2.77845 -0.211817 0)
(2.66311 -0.19433 0)
(2.55548 -0.17733 0)
(2.45558 -0.160889 0)
(2.36335 -0.145068 0)
(2.2787 -0.129914 0)
(2.20145 -0.115464 0)
(2.13138 -0.101743 0)
(2.06823 -0.0887661 0)
(2.01173 -0.0765403 0)
(1.96155 -0.0650659 0)
(1.91737 -0.0543355 0)
(1.87884 -0.0443385 0)
(1.84562 -0.0350589 0)
(1.81737 -0.0264791 0)
(1.79372 -0.018578 0)
(1.77435 -0.0113342 0)
(1.75891 -0.00472339 0)
(1.74708 0.0012769 0)
(1.73855 0.00669152 0)
(1.73302 0.0115433 0)
(1.7302 0.0158562 0)
(1.72981 0.0196548 0)
(1.73158 0.0229663 0)
(1.73527 0.0258161 0)
(1.74064 0.0282313 0)
(1.74748 0.0302374 0)
(1.75557 0.0318614 0)
(1.76472 0.0331291 0)
(1.77476 0.0340676 0)
(1.78553 0.0347028 0)
(1.79686 0.0350616 0)
(1.80863 0.0351693 0)
(1.8207 0.0350523 0)
(1.83297 0.034735 0)
(1.84535 0.0342425 0)
(1.85773 0.0335976 0)
(1.87004 0.0328237 0)
(1.88221 0.0319417 0)
(1.89419 0.0309726 0)
(1.90593 0.0299348 0)
(1.91739 0.0288469 0)
(1.92854 0.0277244 0)
(1.93935 0.0265832 0)
(1.94981 0.025436 0)
(1.9599 0.0242956 0)
(1.96962 0.0231722 0)
(1.97898 0.0220757 0)
(1.98796 0.0210135 0)
(1.99658 0.0199933 0)
(2.00486 0.01902 0)
(2.0128 0.018099 0)
(2.02041 0.0172332 0)
(2.02773 0.0164265 0)
(2.03476 0.0156801 0)
(2.04153 0.0149967 0)
(2.04805 0.0143769 0)
(2.05435 0.0138228 0)
(2.06046 0.0133355 0)
(2.06638 0.0129185 0)
(2.07216 0.0125751 0)
(2.07779 0.0123136 0)
(2.0833 0.0121438 0)
(2.08872 0.0120863 0)
(2.0938 0.0121161 0)
(2.10054 0.0124566 0)
(5.48561 -0.357872 0)
(5.34317 -0.348784 0)
(5.18875 -0.34206 0)
(5.02516 -0.335574 0)
(4.85494 -0.328368 0)
(4.68012 -0.320147 0)
(4.50241 -0.310871 0)
(4.32333 -0.300644 0)
(4.14426 -0.289674 0)
(3.96636 -0.278182 0)
(3.79064 -0.266351 0)
(3.61797 -0.254314 0)
(3.4491 -0.242169 0)
(3.28469 -0.229992 0)
(3.1253 -0.217837 0)
(2.97141 -0.205746 0)
(2.82343 -0.19375 0)
(2.68174 -0.18188 0)
(2.54661 -0.170165 0)
(2.41828 -0.158635 0)
(2.29693 -0.147324 0)
(2.18268 -0.136265 0)
(2.07561 -0.125495 0)
(1.97571 -0.115044 0)
(1.88295 -0.104946 0)
(1.79724 -0.095226 0)
(1.71845 -0.085907 0)
(1.64641 -0.0770056 0)
(1.5809 -0.0685345 0)
(1.5217 -0.0605001 0)
(1.46855 -0.0529059 0)
(1.42117 -0.0457499 0)
(1.37929 -0.0390286 0)
(1.34259 -0.032734 0)
(1.3108 -0.0268577 0)
(1.2836 -0.0213881 0)
(1.26069 -0.0163141 0)
(1.24179 -0.0116222 0)
(1.2266 -0.00730014 0)
(1.21485 -0.00333392 0)
(1.20625 0.0002885 0)
(1.20055 0.00358082 0)
(1.19748 0.006555 0)
(1.19682 0.00922298 0)
(1.19831 0.0115965 0)
(1.20174 0.0136894 0)
(1.20689 0.0155138 0)
(1.21356 0.0170836 0)
(1.22155 0.0184108 0)
(1.23067 0.0195093 0)
(1.24077 0.0203917 0)
(1.25168 0.0210723 0)
(1.26324 0.0215641 0)
(1.27533 0.0218818 0)
(1.2878 0.0220387 0)
(1.30055 0.0220497 0)
(1.31347 0.0219284 0)
(1.32645 0.0216893 0)
(1.33942 0.0213456 0)
(1.3523 0.0209115 0)
(1.36501 0.0203994 0)
(1.3775 0.0198226 0)
(1.38972 0.0191925 0)
(1.40163 0.0185212 0)
(1.41319 0.0178185 0)
(1.42438 0.0170952 0)
(1.43518 0.0163596 0)
(1.44558 0.0156207 0)
(1.45556 0.0148853 0)
(1.46513 0.0141608 0)
(1.47429 0.0134523 0)
(1.48303 0.0127656 0)
(1.49138 0.0121042 0)
(1.49935 0.0114724 0)
(1.50694 0.0108726 0)
(1.51418 0.0103077 0)
(1.52109 0.00977892 0)
(1.52768 0.00928833 0)
(1.53398 0.00883629 0)
(1.54002 0.0084243 0)
(1.5458 0.00805246 0)
(1.55136 0.00772235 0)
(1.55673 0.00743483 0)
(1.56192 0.00719321 0)
(1.56696 0.00700175 0)
(1.57187 0.00687063 0)
(1.57667 0.00681543 0)
(1.58139 0.00686848 0)
(1.58594 0.00703027 0)
(1.59178 0.0076454 0)
(3.88192 -0.174543 0)
(3.70795 -0.163601 0)
(3.53773 -0.155991 0)
(3.37061 -0.149515 0)
(3.20671 -0.143199 0)
(3.04646 -0.136749 0)
(2.89035 -0.130132 0)
(2.73889 -0.123413 0)
(2.59253 -0.116697 0)
(2.45162 -0.110082 0)
(2.31638 -0.103632 0)
(2.18696 -0.0973792 0)
(2.06346 -0.0913361 0)
(1.94592 -0.0855053 0)
(1.83435 -0.079882 0)
(1.72875 -0.0744585 0)
(1.62906 -0.0692253 0)
(1.53526 -0.0641761 0)
(1.44728 -0.059306 0)
(1.36504 -0.0546143 0)
(1.28845 -0.0501011 0)
(1.2174 -0.0457693 0)
(1.15175 -0.0416209 0)
(1.09136 -0.0376592 0)
(1.03608 -0.0338854 0)
(0.985714 -0.0303013 0)
(0.940087 -0.0269057 0)
(0.898993 -0.023698 0)
(0.862227 -0.0206747 0)
(0.829576 -0.0178331 0)
(0.800823 -0.0151677 0)
(0.775752 -0.0126744 0)
(0.754147 -0.0103464 0)
(0.735796 -0.00817878 0)
(0.720488 -0.0061644 0)
(0.708019 -0.00429827 0)
(0.698189 -0.00257331 0)
(0.690805 -0.000985005 0)
(0.68568 0.000473043 0)
(0.682634 0.00180488 0)
(0.681491 0.00301655 0)
(0.682085 0.00411071 0)
(0.684252 0.0050926 0)
(0.687836 0.00596534 0)
(0.692689 0.00673426 0)
(0.698668 0.00740249 0)
(0.705635 0.00797519 0)
(0.713459 0.00845548 0)
(0.722018 0.00884867 0)
(0.731194 0.00915819 0)
(0.740875 0.00938969 0)
(0.750958 0.00954702 0)
(0.761346 0.00963616 0)
(0.771947 0.00966134 0)
(0.782679 0.00962878 0)
(0.793465 0.00954299 0)
(0.804236 0.00941029 0)
(0.814929 0.00923524 0)
(0.825489 0.00902412 0)
(0.835867 0.00878132 0)
(0.846021 0.00851288 0)
(0.855914 0.00822283 0)
(0.865517 0.0079168 0)
(0.874806 0.0075983 0)
(0.883763 0.0072724 0)
(0.892374 0.00694198 0)
(0.90063 0.00661149 0)
(0.908527 0.00628308 0)
(0.916064 0.00596053 0)
(0.923245 0.0056453 0)
(0.930076 0.0053405 0)
(0.936565 0.00504691 0)
(0.942723 0.00476705 0)
(0.948565 0.00450107 0)
(0.954104 0.00425098 0)
(0.959356 0.00401644 0)
(0.96434 0.00379902 0)
(0.969072 0.00359805 0)
(0.973572 0.00341482 0)
(0.977858 0.00324851 0)
(0.981951 0.00310039 0)
(0.985869 0.00296989 0)
(0.989634 0.0028589 0)
(0.993266 0.00276842 0)
(0.996789 0.00270344 0)
(1.00023 0.00267152 0)
(1.0036 0.00269143 0)
(1.00694 0.00279745 0)
(1.01034 0.00304546 0)
(1.0146 0.00378939 0)
(1.44791 -0.0156488 0)
(1.36222 -0.0155019 0)
(1.28069 -0.0151148 0)
(1.20255 -0.0143986 0)
(1.12774 -0.0134636 0)
(1.05639 -0.0124452 0)
(0.988605 -0.0114265 0)
(0.924449 -0.0104479 0)
(0.863914 -0.00952905 0)
(0.80694 -0.00867618 0)
(0.753423 -0.0078858 0)
(0.703238 -0.00715221 0)
(0.656255 -0.00647161 0)
(0.612347 -0.00584154 0)
(0.571387 -0.00525914 0)
(0.533255 -0.00472033 0)
(0.497837 -0.00422073 0)
(0.465027 -0.00375612 0)
(0.434722 -0.0033233 0)
(0.406821 -0.00291985 0)
(0.381229 -0.0025443 0)
(0.357847 -0.00219554 0)
(0.33658 -0.00187288 0)
(0.31733 -0.00157534 0)
(0.300001 -0.001302 0)
(0.284494 -0.00105143 0)
(0.270714 -0.000822253 0)
(0.258565 -0.000612707 0)
(0.247952 -0.000421313 0)
(0.238785 -0.000246373 0)
(0.230974 -8.6626e-05 0)
(0.224433 5.93584e-05 0)
(0.219078 0.000192546 0)
(0.214829 0.0003141 0)
(0.21161 0.000424743 0)
(0.209346 0.000525433 0)
(0.207966 0.000616698 0)
(0.207402 0.000699325 0)
(0.207589 0.000773725 0)
(0.208465 0.000840314 0)
(0.209967 0.00089916 0)
(0.212038 0.000950686 0)
(0.214621 0.00099502 0)
(0.217662 0.00103261 0)
(0.221107 0.00106351 0)
(0.224907 0.00108809 0)
(0.22901 0.00110635 0)
(0.233372 0.00111861 0)
(0.237946 0.00112491 0)
(0.242689 0.00112564 0)
(0.247562 0.00112088 0)
(0.252524 0.00111112 0)
(0.25754 0.00109649 0)
(0.262577 0.00107753 0)
(0.267604 0.00105443 0)
(0.272593 0.00102778 0)
(0.277518 0.000997807 0)
(0.282356 0.000965092 0)
(0.287088 0.000929885 0)
(0.291697 0.000892775 0)
(0.296168 0.000853996 0)
(0.300489 0.000814119 0)
(0.304652 0.000773352 0)
(0.308648 0.000732225 0)
(0.312474 0.000690911 0)
(0.316127 0.000649887 0)
(0.319605 0.000609281 0)
(0.322909 0.000569514 0)
(0.326043 0.000530662 0)
(0.329009 0.000493087 0)
(0.331812 0.000456817 0)
(0.334459 0.000422154 0)
(0.336956 0.000389083 0)
(0.33931 0.000357851 0)
(0.341529 0.000328406 0)
(0.343622 0.000300951 0)
(0.345598 0.000275402 0)
(0.347464 0.000251934 0)
(0.34923 0.000230451 0)
(0.350906 0.000211124 0)
(0.352499 0.00019389 0)
(0.354021 0.000178982 0)
(0.35548 0.000166495 0)
(0.356887 0.000157128 0)
(0.358255 0.000151969 0)
(0.359599 0.000153769 0)
(0.360935 0.000168598 0)
(0.362312 0.000205297 0)
(0.363935 0.00027484 0)
(0.366165 0.000723802 0)
)
;

boundaryField
{
    inlet
    {
        type            fixedValue;
        value           uniform (5 0 0);
    }
    outlet
    {
        type            zeroGradient;
    }
    upperWall
    {
        type            noSlip;
    }
    lowerWall
    {
        type            noSlip;
    }
    frontAndBack
    {
        type            empty;
    }
}


// ************************************************************************* //
