/*--------------------------------*- C++ -*----------------------------------*\
| =========                 |                                                 |
| \\      /  F ield         | OpenFOAM: The Open Source CFD Toolbox           |
|  \\    /   O peration     | Version:  2406                                  |
|   \\  /    A nd           | Website:  www.openfoam.com                      |
|    \\/     M anipulation  |                                                 |
\*---------------------------------------------------------------------------*/
FoamFile
{
    version     2.0;
    format      ascii;
    arch        "LSB;label=32;scalar=64";
    class       vectorField;
    location    "constant/polyMesh";
    object      points;
}
// * * * * * * * * * * * * * * * * * * * * * * * * * * * * * * * * * * * * * //


4042
(
(0 0 -0.5)
(0.1 0 -0.5)
(0.2 0 -0.5)
(0.3 0 -0.5)
(0.4 0 -0.5)
(0.5 0 -0.5)
(0.6 0 -0.5)
(0.7 0 -0.5)
(0.8 0 -0.5)
(0.9 0 -0.5)
(1 0 -0.5)
(0 0.1 -0.5)
(0.1 0.1 -0.5)
(0.2 0.1 -0.5)
(0.3 0.1 -0.5)
(0.4 0.1 -0.5)
(0.5 0.1 -0.5)
(0.6 0.1 -0.5)
(0.7 0.1 -0.5)
(0.8 0.1 -0.5)
(0.9 0.1 -0.5)
(1 0.1 -0.5)
(0 0.2 -0.5)
(0.1 0.2 -0.5)
(0.2 0.2 -0.5)
(0.3 0.2 -0.5)
(0.4 0.2 -0.5)
(0.5 0.2 -0.5)
(0.6 0.2 -0.5)
(0.7 0.2 -0.5)
(0.8 0.2 -0.5)
(0.9 0.2 -0.5)
(1 0.2 -0.5)
(0 0.3 -0.5)
(0.1 0.3 -0.5)
(0.2 0.3 -0.5)
(0.3 0.3 -0.5)
(0.4 0.3 -0.5)
(0.5 0.3 -0.5)
(0.6 0.3 -0.5)
(0.7 0.3 -0.5)
(0.8 0.3 -0.5)
(0.9 0.3 -0.5)
(1 0.3 -0.5)
(0 0.4 -0.5)
(0.1 0.4 -0.5)
(0.2 0.4 -0.5)
(0.3 0.4 -0.5)
(0.4 0.4 -0.5)
(0.5 0.4 -0.5)
(0.6 0.4 -0.5)
(0.7 0.4 -0.5)
(0.8 0.4 -0.5)
(0.9 0.4 -0.5)
(1 0.4 -0.5)
(0 0.5 -0.5)
(0.1 0.5 -0.5)
(0.2 0.5 -0.5)
(0.3 0.5 -0.5)
(0.4 0.5 -0.5)
(0.5 0.5 -0.5)
(0.6 0.5 -0.5)
(0.7 0.5 -0.5)
(0.8 0.5 -0.5)
(0.9 0.5 -0.5)
(1 0.5 -0.5)
(0 0.6 -0.5)
(0.1 0.6 -0.5)
(0.2 0.6 -0.5)
(0.3 0.6 -0.5)
(0.4 0.6 -0.5)
(0.5 0.6 -0.5)
(0.6 0.6 -0.5)
(0.7 0.6 -0.5)
(0.8 0.6 -0.5)
(0.9 0.6 -0.5)
(1 0.6 -0.5)
(0 0.7 -0.5)
(0.1 0.7 -0.5)
(0.2 0.7 -0.5)
(0.3 0.7 -0.5)
(0.4 0.7 -0.5)
(0.5 0.7 -0.5)
(0.6 0.7 -0.5)
(0.7 0.7 -0.5)
(0.8 0.7 -0.5)
(0.9 0.7 -0.5)
(1 0.7 -0.5)
(0 0.8 -0.5)
(0.1 0.8 -0.5)
(0.2 0.8 -0.5)
(0.3 0.8 -0.5)
(0.4 0.8 -0.5)
(0.5 0.8 -0.5)
(0.6 0.8 -0.5)
(0.7 0.8 -0.5)
(0.8 0.8 -0.5)
(0.9 0.8 -0.5)
(1 0.8 -0.5)
(0 0.9 -0.5)
(0.1 0.9 -0.5)
(0.2 0.9 -0.5)
(0.3 0.9 -0.5)
(0.4 0.9 -0.5)
(0.5 0.9 -0.5)
(0.6 0.9 -0.5)
(0.7 0.9 -0.5)
(0.8 0.9 -0.5)
(0.9 0.9 -0.5)
(1 0.9 -0.5)
(0 1 -0.5)
(0.1 1 -0.5)
(0.2 1 -0.5)
(0.3 1 -0.5)
(0.4 1 -0.5)
(0.5 1 -0.5)
(0.6 1 -0.5)
(0.7 1 -0.5)
(0.8 1 -0.5)
(0.9 1 -0.5)
(1 1 -0.5)
(0 0 0.5)
(0.1 0 0.5)
(0.2 0 0.5)
(0.3 0 0.5)
(0.4 0 0.5)
(0.5 0 0.5)
(0.6 0 0.5)
(0.7 0 0.5)
(0.8 0 0.5)
(0.9 0 0.5)
(1 0 0.5)
(0 0.1 0.5)
(0.1 0.1 0.5)
(0.2 0.1 0.5)
(0.3 0.1 0.5)
(0.4 0.1 0.5)
(0.5 0.1 0.5)
(0.6 0.1 0.5)
(0.7 0.1 0.5)
(0.8 0.1 0.5)
(0.9 0.1 0.5)
(1 0.1 0.5)
(0 0.2 0.5)
(0.1 0.2 0.5)
(0.2 0.2 0.5)
(0.3 0.2 0.5)
(0.4 0.2 0.5)
(0.5 0.2 0.5)
(0.6 0.2 0.5)
(0.7 0.2 0.5)
(0.8 0.2 0.5)
(0.9 0.2 0.5)
(1 0.2 0.5)
(0 0.3 0.5)
(0.1 0.3 0.5)
(0.2 0.3 0.5)
(0.3 0.3 0.5)
(0.4 0.3 0.5)
(0.5 0.3 0.5)
(0.6 0.3 0.5)
(0.7 0.3 0.5)
(0.8 0.3 0.5)
(0.9 0.3 0.5)
(1 0.3 0.5)
(0 0.4 0.5)
(0.1 0.4 0.5)
(0.2 0.4 0.5)
(0.3 0.4 0.5)
(0.4 0.4 0.5)
(0.5 0.4 0.5)
(0.6 0.4 0.5)
(0.7 0.4 0.5)
(0.8 0.4 0.5)
(0.9 0.4 0.5)
(1 0.4 0.5)
(0 0.5 0.5)
(0.1 0.5 0.5)
(0.2 0.5 0.5)
(0.3 0.5 0.5)
(0.4 0.5 0.5)
(0.5 0.5 0.5)
(0.6 0.5 0.5)
(0.7 0.5 0.5)
(0.8 0.5 0.5)
(0.9 0.5 0.5)
(1 0.5 0.5)
(0 0.6 0.5)
(0.1 0.6 0.5)
(0.2 0.6 0.5)
(0.3 0.6 0.5)
(0.4 0.6 0.5)
(0.5 0.6 0.5)
(0.6 0.6 0.5)
(0.7 0.6 0.5)
(0.8 0.6 0.5)
(0.9 0.6 0.5)
(1 0.6 0.5)
(0 0.7 0.5)
(0.1 0.7 0.5)
(0.2 0.7 0.5)
(0.3 0.7 0.5)
(0.4 0.7 0.5)
(0.5 0.7 0.5)
(0.6 0.7 0.5)
(0.7 0.7 0.5)
(0.8 0.7 0.5)
(0.9 0.7 0.5)
(1 0.7 0.5)
(0 0.8 0.5)
(0.1 0.8 0.5)
(0.2 0.8 0.5)
(0.3 0.8 0.5)
(0.4 0.8 0.5)
(0.5 0.8 0.5)
(0.6 0.8 0.5)
(0.7 0.8 0.5)
(0.8 0.8 0.5)
(0.9 0.8 0.5)
(1 0.8 0.5)
(0 0.9 0.5)
(0.1 0.9 0.5)
(0.2 0.9 0.5)
(0.3 0.9 0.5)
(0.4 0.9 0.5)
(0.5 0.9 0.5)
(0.6 0.9 0.5)
(0.7 0.9 0.5)
(0.8 0.9 0.5)
(0.9 0.9 0.5)
(1 0.9 0.5)
(0 1 0.5)
(0.1 1 0.5)
(0.2 1 0.5)
(0.3 1 0.5)
(0.4 1 0.5)
(0.5 1 0.5)
(0.6 1 0.5)
(0.7 1 0.5)
(0.8 1 0.5)
(0.9 1 0.5)
(1 1 0.5)
(1 -1 -0.5)
(1.1 -1 -0.5)
(1.2 -1 -0.5)
(1.3 -1 -0.5)
(1.4 -1 -0.5)
(1.5 -1 -0.5)
(1.6 -1 -0.5)
(1.7 -1 -0.5)
(1.8 -1 -0.5)
(1.9 -1 -0.5)
(2 -1 -0.5)
(2.1 -1 -0.5)
(2.2 -1 -0.5)
(2.3 -1 -0.5)
(2.4 -1 -0.5)
(2.5 -1 -0.5)
(2.6 -1 -0.5)
(2.7 -1 -0.5)
(2.8 -1 -0.5)
(2.9 -1 -0.5)
(3 -1 -0.5)
(3.1 -1 -0.5)
(3.2 -1 -0.5)
(3.3 -1 -0.5)
(3.4 -1 -0.5)
(3.5 -1 -0.5)
(3.6 -1 -0.5)
(3.7 -1 -0.5)
(3.8 -1 -0.5)
(3.9 -1 -0.5)
(4 -1 -0.5)
(4.1 -1 -0.5)
(4.2 -1 -0.5)
(4.3 -1 -0.5)
(4.4 -1 -0.5)
(4.5 -1 -0.5)
(4.6 -1 -0.5)
(4.7 -1 -0.5)
(4.8 -1 -0.5)
(4.9 -1 -0.5)
(5 -1 -0.5)
(5.1 -1 -0.5)
(5.2 -1 -0.5)
(5.3 -1 -0.5)
(5.4 -1 -0.5)
(5.5 -1 -0.5)
(5.6 -1 -0.5)
(5.7 -1 -0.5)
(5.8 -1 -0.5)
(5.9 -1 -0.5)
(6 -1 -0.5)
(6.1 -1 -0.5)
(6.2 -1 -0.5)
(6.3 -1 -0.5)
(6.4 -1 -0.5)
(6.5 -1 -0.5)
(6.6 -1 -0.5)
(6.7 -1 -0.5)
(6.8 -1 -0.5)
(6.9 -1 -0.5)
(7 -1 -0.5)
(7.1 -1 -0.5)
(7.2 -1 -0.5)
(7.3 -1 -0.5)
(7.4 -1 -0.5)
(7.5 -1 -0.5)
(7.6 -1 -0.5)
(7.7 -1 -0.5)
(7.8 -1 -0.5)
(7.9 -1 -0.5)
(8 -1 -0.5)
(8.1 -1 -0.5)
(8.2 -1 -0.5)
(8.3 -1 -0.5)
(8.4 -1 -0.5)
(8.5 -1 -0.5)
(8.6 -1 -0.5)
(8.7 -1 -0.5)
(8.8 -1 -0.5)
(8.9 -1 -0.5)
(9 -1 -0.5)
(9.1 -1 -0.5)
(9.2 -1 -0.5)
(9.3 -1 -0.5)
(9.4 -1 -0.5)
(9.5 -1 -0.5)
(9.6 -1 -0.5)
(9.7 -1 -0.5)
(9.8 -1 -0.5)
(9.9 -1 -0.5)
(10 -1 -0.5)
(1 -0.9 -0.5)
(1.1 -0.9 -0.5)
(1.2 -0.9 -0.5)
(1.3 -0.9 -0.5)
(1.4 -0.9 -0.5)
(1.5 -0.9 -0.5)
(1.6 -0.9 -0.5)
(1.7 -0.9 -0.5)
(1.8 -0.9 -0.5)
(1.9 -0.9 -0.5)
(2 -0.9 -0.5)
(2.1 -0.9 -0.5)
(2.2 -0.9 -0.5)
(2.3 -0.9 -0.5)
(2.4 -0.9 -0.5)
(2.5 -0.9 -0.5)
(2.6 -0.9 -0.5)
(2.7 -0.9 -0.5)
(2.8 -0.9 -0.5)
(2.9 -0.9 -0.5)
(3 -0.9 -0.5)
(3.1 -0.9 -0.5)
(3.2 -0.9 -0.5)
(3.3 -0.9 -0.5)
(3.4 -0.9 -0.5)
(3.5 -0.9 -0.5)
(3.6 -0.9 -0.5)
(3.7 -0.9 -0.5)
(3.8 -0.9 -0.5)
(3.9 -0.9 -0.5)
(4 -0.9 -0.5)
(4.1 -0.9 -0.5)
(4.2 -0.9 -0.5)
(4.3 -0.9 -0.5)
(4.4 -0.9 -0.5)
(4.5 -0.9 -0.5)
(4.6 -0.9 -0.5)
(4.7 -0.9 -0.5)
(4.8 -0.9 -0.5)
(4.9 -0.9 -0.5)
(5 -0.9 -0.5)
(5.1 -0.9 -0.5)
(5.2 -0.9 -0.5)
(5.3 -0.9 -0.5)
(5.4 -0.9 -0.5)
(5.5 -0.9 -0.5)
(5.6 -0.9 -0.5)
(5.7 -0.9 -0.5)
(5.8 -0.9 -0.5)
(5.9 -0.9 -0.5)
(6 -0.9 -0.5)
(6.1 -0.9 -0.5)
(6.2 -0.9 -0.5)
(6.3 -0.9 -0.5)
(6.4 -0.9 -0.5)
(6.5 -0.9 -0.5)
(6.6 -0.9 -0.5)
(6.7 -0.9 -0.5)
(6.8 -0.9 -0.5)
(6.9 -0.9 -0.5)
(7 -0.9 -0.5)
(7.1 -0.9 -0.5)
(7.2 -0.9 -0.5)
(7.3 -0.9 -0.5)
(7.4 -0.9 -0.5)
(7.5 -0.9 -0.5)
(7.6 -0.9 -0.5)
(7.7 -0.9 -0.5)
(7.8 -0.9 -0.5)
(7.9 -0.9 -0.5)
(8 -0.9 -0.5)
(8.1 -0.9 -0.5)
(8.2 -0.9 -0.5)
(8.3 -0.9 -0.5)
(8.4 -0.9 -0.5)
(8.5 -0.9 -0.5)
(8.6 -0.9 -0.5)
(8.7 -0.9 -0.5)
(8.8 -0.9 -0.5)
(8.9 -0.9 -0.5)
(9 -0.9 -0.5)
(9.1 -0.9 -0.5)
(9.2 -0.9 -0.5)
(9.3 -0.9 -0.5)
(9.4 -0.9 -0.5)
(9.5 -0.9 -0.5)
(9.6 -0.9 -0.5)
(9.7 -0.9 -0.5)
(9.8 -0.9 -0.5)
(9.9 -0.9 -0.5)
(10 -0.9 -0.5)
(1 -0.8 -0.5)
(1.1 -0.8 -0.5)
(1.2 -0.8 -0.5)
(1.3 -0.8 -0.5)
(1.4 -0.8 -0.5)
(1.5 -0.8 -0.5)
(1.6 -0.8 -0.5)
(1.7 -0.8 -0.5)
(1.8 -0.8 -0.5)
(1.9 -0.8 -0.5)
(2 -0.8 -0.5)
(2.1 -0.8 -0.5)
(2.2 -0.8 -0.5)
(2.3 -0.8 -0.5)
(2.4 -0.8 -0.5)
(2.5 -0.8 -0.5)
(2.6 -0.8 -0.5)
(2.7 -0.8 -0.5)
(2.8 -0.8 -0.5)
(2.9 -0.8 -0.5)
(3 -0.8 -0.5)
(3.1 -0.8 -0.5)
(3.2 -0.8 -0.5)
(3.3 -0.8 -0.5)
(3.4 -0.8 -0.5)
(3.5 -0.8 -0.5)
(3.6 -0.8 -0.5)
(3.7 -0.8 -0.5)
(3.8 -0.8 -0.5)
(3.9 -0.8 -0.5)
(4 -0.8 -0.5)
(4.1 -0.8 -0.5)
(4.2 -0.8 -0.5)
(4.3 -0.8 -0.5)
(4.4 -0.8 -0.5)
(4.5 -0.8 -0.5)
(4.6 -0.8 -0.5)
(4.7 -0.8 -0.5)
(4.8 -0.8 -0.5)
(4.9 -0.8 -0.5)
(5 -0.8 -0.5)
(5.1 -0.8 -0.5)
(5.2 -0.8 -0.5)
(5.3 -0.8 -0.5)
(5.4 -0.8 -0.5)
(5.5 -0.8 -0.5)
(5.6 -0.8 -0.5)
(5.7 -0.8 -0.5)
(5.8 -0.8 -0.5)
(5.9 -0.8 -0.5)
(6 -0.8 -0.5)
(6.1 -0.8 -0.5)
(6.2 -0.8 -0.5)
(6.3 -0.8 -0.5)
(6.4 -0.8 -0.5)
(6.5 -0.8 -0.5)
(6.6 -0.8 -0.5)
(6.7 -0.8 -0.5)
(6.8 -0.8 -0.5)
(6.9 -0.8 -0.5)
(7 -0.8 -0.5)
(7.1 -0.8 -0.5)
(7.2 -0.8 -0.5)
(7.3 -0.8 -0.5)
(7.4 -0.8 -0.5)
(7.5 -0.8 -0.5)
(7.6 -0.8 -0.5)
(7.7 -0.8 -0.5)
(7.8 -0.8 -0.5)
(7.9 -0.8 -0.5)
(8 -0.8 -0.5)
(8.1 -0.8 -0.5)
(8.2 -0.8 -0.5)
(8.3 -0.8 -0.5)
(8.4 -0.8 -0.5)
(8.5 -0.8 -0.5)
(8.6 -0.8 -0.5)
(8.7 -0.8 -0.5)
(8.8 -0.8 -0.5)
(8.9 -0.8 -0.5)
(9 -0.8 -0.5)
(9.1 -0.8 -0.5)
(9.2 -0.8 -0.5)
(9.3 -0.8 -0.5)
(9.4 -0.8 -0.5)
(9.5 -0.8 -0.5)
(9.6 -0.8 -0.5)
(9.7 -0.8 -0.5)
(9.8 -0.8 -0.5)
(9.9 -0.8 -0.5)
(10 -0.8 -0.5)
(1 -0.7 -0.5)
(1.1 -0.7 -0.5)
(1.2 -0.7 -0.5)
(1.3 -0.7 -0.5)
(1.4 -0.7 -0.5)
(1.5 -0.7 -0.5)
(1.6 -0.7 -0.5)
(1.7 -0.7 -0.5)
(1.8 -0.7 -0.5)
(1.9 -0.7 -0.5)
(2 -0.7 -0.5)
(2.1 -0.7 -0.5)
(2.2 -0.7 -0.5)
(2.3 -0.7 -0.5)
(2.4 -0.7 -0.5)
(2.5 -0.7 -0.5)
(2.6 -0.7 -0.5)
(2.7 -0.7 -0.5)
(2.8 -0.7 -0.5)
(2.9 -0.7 -0.5)
(3 -0.7 -0.5)
(3.1 -0.7 -0.5)
(3.2 -0.7 -0.5)
(3.3 -0.7 -0.5)
(3.4 -0.7 -0.5)
(3.5 -0.7 -0.5)
(3.6 -0.7 -0.5)
(3.7 -0.7 -0.5)
(3.8 -0.7 -0.5)
(3.9 -0.7 -0.5)
(4 -0.7 -0.5)
(4.1 -0.7 -0.5)
(4.2 -0.7 -0.5)
(4.3 -0.7 -0.5)
(4.4 -0.7 -0.5)
(4.5 -0.7 -0.5)
(4.6 -0.7 -0.5)
(4.7 -0.7 -0.5)
(4.8 -0.7 -0.5)
(4.9 -0.7 -0.5)
(5 -0.7 -0.5)
(5.1 -0.7 -0.5)
(5.2 -0.7 -0.5)
(5.3 -0.7 -0.5)
(5.4 -0.7 -0.5)
(5.5 -0.7 -0.5)
(5.6 -0.7 -0.5)
(5.7 -0.7 -0.5)
(5.8 -0.7 -0.5)
(5.9 -0.7 -0.5)
(6 -0.7 -0.5)
(6.1 -0.7 -0.5)
(6.2 -0.7 -0.5)
(6.3 -0.7 -0.5)
(6.4 -0.7 -0.5)
(6.5 -0.7 -0.5)
(6.6 -0.7 -0.5)
(6.7 -0.7 -0.5)
(6.8 -0.7 -0.5)
(6.9 -0.7 -0.5)
(7 -0.7 -0.5)
(7.1 -0.7 -0.5)
(7.2 -0.7 -0.5)
(7.3 -0.7 -0.5)
(7.4 -0.7 -0.5)
(7.5 -0.7 -0.5)
(7.6 -0.7 -0.5)
(7.7 -0.7 -0.5)
(7.8 -0.7 -0.5)
(7.9 -0.7 -0.5)
(8 -0.7 -0.5)
(8.1 -0.7 -0.5)
(8.2 -0.7 -0.5)
(8.3 -0.7 -0.5)
(8.4 -0.7 -0.5)
(8.5 -0.7 -0.5)
(8.6 -0.7 -0.5)
(8.7 -0.7 -0.5)
(8.8 -0.7 -0.5)
(8.9 -0.7 -0.5)
(9 -0.7 -0.5)
(9.1 -0.7 -0.5)
(9.2 -0.7 -0.5)
(9.3 -0.7 -0.5)
(9.4 -0.7 -0.5)
(9.5 -0.7 -0.5)
(9.6 -0.7 -0.5)
(9.7 -0.7 -0.5)
(9.8 -0.7 -0.5)
(9.9 -0.7 -0.5)
(10 -0.7 -0.5)
(1 -0.6 -0.5)
(1.1 -0.6 -0.5)
(1.2 -0.6 -0.5)
(1.3 -0.6 -0.5)
(1.4 -0.6 -0.5)
(1.5 -0.6 -0.5)
(1.6 -0.6 -0.5)
(1.7 -0.6 -0.5)
(1.8 -0.6 -0.5)
(1.9 -0.6 -0.5)
(2 -0.6 -0.5)
(2.1 -0.6 -0.5)
(2.2 -0.6 -0.5)
(2.3 -0.6 -0.5)
(2.4 -0.6 -0.5)
(2.5 -0.6 -0.5)
(2.6 -0.6 -0.5)
(2.7 -0.6 -0.5)
(2.8 -0.6 -0.5)
(2.9 -0.6 -0.5)
(3 -0.6 -0.5)
(3.1 -0.6 -0.5)
(3.2 -0.6 -0.5)
(3.3 -0.6 -0.5)
(3.4 -0.6 -0.5)
(3.5 -0.6 -0.5)
(3.6 -0.6 -0.5)
(3.7 -0.6 -0.5)
(3.8 -0.6 -0.5)
(3.9 -0.6 -0.5)
(4 -0.6 -0.5)
(4.1 -0.6 -0.5)
(4.2 -0.6 -0.5)
(4.3 -0.6 -0.5)
(4.4 -0.6 -0.5)
(4.5 -0.6 -0.5)
(4.6 -0.6 -0.5)
(4.7 -0.6 -0.5)
(4.8 -0.6 -0.5)
(4.9 -0.6 -0.5)
(5 -0.6 -0.5)
(5.1 -0.6 -0.5)
(5.2 -0.6 -0.5)
(5.3 -0.6 -0.5)
(5.4 -0.6 -0.5)
(5.5 -0.6 -0.5)
(5.6 -0.6 -0.5)
(5.7 -0.6 -0.5)
(5.8 -0.6 -0.5)
(5.9 -0.6 -0.5)
(6 -0.6 -0.5)
(6.1 -0.6 -0.5)
(6.2 -0.6 -0.5)
(6.3 -0.6 -0.5)
(6.4 -0.6 -0.5)
(6.5 -0.6 -0.5)
(6.6 -0.6 -0.5)
(6.7 -0.6 -0.5)
(6.8 -0.6 -0.5)
(6.9 -0.6 -0.5)
(7 -0.6 -0.5)
(7.1 -0.6 -0.5)
(7.2 -0.6 -0.5)
(7.3 -0.6 -0.5)
(7.4 -0.6 -0.5)
(7.5 -0.6 -0.5)
(7.6 -0.6 -0.5)
(7.7 -0.6 -0.5)
(7.8 -0.6 -0.5)
(7.9 -0.6 -0.5)
(8 -0.6 -0.5)
(8.1 -0.6 -0.5)
(8.2 -0.6 -0.5)
(8.3 -0.6 -0.5)
(8.4 -0.6 -0.5)
(8.5 -0.6 -0.5)
(8.6 -0.6 -0.5)
(8.7 -0.6 -0.5)
(8.8 -0.6 -0.5)
(8.9 -0.6 -0.5)
(9 -0.6 -0.5)
(9.1 -0.6 -0.5)
(9.2 -0.6 -0.5)
(9.3 -0.6 -0.5)
(9.4 -0.6 -0.5)
(9.5 -0.6 -0.5)
(9.6 -0.6 -0.5)
(9.7 -0.6 -0.5)
(9.8 -0.6 -0.5)
(9.9 -0.6 -0.5)
(10 -0.6 -0.5)
(1 -0.5 -0.5)
(1.1 -0.5 -0.5)
(1.2 -0.5 -0.5)
(1.3 -0.5 -0.5)
(1.4 -0.5 -0.5)
(1.5 -0.5 -0.5)
(1.6 -0.5 -0.5)
(1.7 -0.5 -0.5)
(1.8 -0.5 -0.5)
(1.9 -0.5 -0.5)
(2 -0.5 -0.5)
(2.1 -0.5 -0.5)
(2.2 -0.5 -0.5)
(2.3 -0.5 -0.5)
(2.4 -0.5 -0.5)
(2.5 -0.5 -0.5)
(2.6 -0.5 -0.5)
(2.7 -0.5 -0.5)
(2.8 -0.5 -0.5)
(2.9 -0.5 -0.5)
(3 -0.5 -0.5)
(3.1 -0.5 -0.5)
(3.2 -0.5 -0.5)
(3.3 -0.5 -0.5)
(3.4 -0.5 -0.5)
(3.5 -0.5 -0.5)
(3.6 -0.5 -0.5)
(3.7 -0.5 -0.5)
(3.8 -0.5 -0.5)
(3.9 -0.5 -0.5)
(4 -0.5 -0.5)
(4.1 -0.5 -0.5)
(4.2 -0.5 -0.5)
(4.3 -0.5 -0.5)
(4.4 -0.5 -0.5)
(4.5 -0.5 -0.5)
(4.6 -0.5 -0.5)
(4.7 -0.5 -0.5)
(4.8 -0.5 -0.5)
(4.9 -0.5 -0.5)
(5 -0.5 -0.5)
(5.1 -0.5 -0.5)
(5.2 -0.5 -0.5)
(5.3 -0.5 -0.5)
(5.4 -0.5 -0.5)
(5.5 -0.5 -0.5)
(5.6 -0.5 -0.5)
(5.7 -0.5 -0.5)
(5.8 -0.5 -0.5)
(5.9 -0.5 -0.5)
(6 -0.5 -0.5)
(6.1 -0.5 -0.5)
(6.2 -0.5 -0.5)
(6.3 -0.5 -0.5)
(6.4 -0.5 -0.5)
(6.5 -0.5 -0.5)
(6.6 -0.5 -0.5)
(6.7 -0.5 -0.5)
(6.8 -0.5 -0.5)
(6.9 -0.5 -0.5)
(7 -0.5 -0.5)
(7.1 -0.5 -0.5)
(7.2 -0.5 -0.5)
(7.3 -0.5 -0.5)
(7.4 -0.5 -0.5)
(7.5 -0.5 -0.5)
(7.6 -0.5 -0.5)
(7.7 -0.5 -0.5)
(7.8 -0.5 -0.5)
(7.9 -0.5 -0.5)
(8 -0.5 -0.5)
(8.1 -0.5 -0.5)
(8.2 -0.5 -0.5)
(8.3 -0.5 -0.5)
(8.4 -0.5 -0.5)
(8.5 -0.5 -0.5)
(8.6 -0.5 -0.5)
(8.7 -0.5 -0.5)
(8.8 -0.5 -0.5)
(8.9 -0.5 -0.5)
(9 -0.5 -0.5)
(9.1 -0.5 -0.5)
(9.2 -0.5 -0.5)
(9.3 -0.5 -0.5)
(9.4 -0.5 -0.5)
(9.5 -0.5 -0.5)
(9.6 -0.5 -0.5)
(9.7 -0.5 -0.5)
(9.8 -0.5 -0.5)
(9.9 -0.5 -0.5)
(10 -0.5 -0.5)
(1 -0.4 -0.5)
(1.1 -0.4 -0.5)
(1.2 -0.4 -0.5)
(1.3 -0.4 -0.5)
(1.4 -0.4 -0.5)
(1.5 -0.4 -0.5)
(1.6 -0.4 -0.5)
(1.7 -0.4 -0.5)
(1.8 -0.4 -0.5)
(1.9 -0.4 -0.5)
(2 -0.4 -0.5)
(2.1 -0.4 -0.5)
(2.2 -0.4 -0.5)
(2.3 -0.4 -0.5)
(2.4 -0.4 -0.5)
(2.5 -0.4 -0.5)
(2.6 -0.4 -0.5)
(2.7 -0.4 -0.5)
(2.8 -0.4 -0.5)
(2.9 -0.4 -0.5)
(3 -0.4 -0.5)
(3.1 -0.4 -0.5)
(3.2 -0.4 -0.5)
(3.3 -0.4 -0.5)
(3.4 -0.4 -0.5)
(3.5 -0.4 -0.5)
(3.6 -0.4 -0.5)
(3.7 -0.4 -0.5)
(3.8 -0.4 -0.5)
(3.9 -0.4 -0.5)
(4 -0.4 -0.5)
(4.1 -0.4 -0.5)
(4.2 -0.4 -0.5)
(4.3 -0.4 -0.5)
(4.4 -0.4 -0.5)
(4.5 -0.4 -0.5)
(4.6 -0.4 -0.5)
(4.7 -0.4 -0.5)
(4.8 -0.4 -0.5)
(4.9 -0.4 -0.5)
(5 -0.4 -0.5)
(5.1 -0.4 -0.5)
(5.2 -0.4 -0.5)
(5.3 -0.4 -0.5)
(5.4 -0.4 -0.5)
(5.5 -0.4 -0.5)
(5.6 -0.4 -0.5)
(5.7 -0.4 -0.5)
(5.8 -0.4 -0.5)
(5.9 -0.4 -0.5)
(6 -0.4 -0.5)
(6.1 -0.4 -0.5)
(6.2 -0.4 -0.5)
(6.3 -0.4 -0.5)
(6.4 -0.4 -0.5)
(6.5 -0.4 -0.5)
(6.6 -0.4 -0.5)
(6.7 -0.4 -0.5)
(6.8 -0.4 -0.5)
(6.9 -0.4 -0.5)
(7 -0.4 -0.5)
(7.1 -0.4 -0.5)
(7.2 -0.4 -0.5)
(7.3 -0.4 -0.5)
(7.4 -0.4 -0.5)
(7.5 -0.4 -0.5)
(7.6 -0.4 -0.5)
(7.7 -0.4 -0.5)
(7.8 -0.4 -0.5)
(7.9 -0.4 -0.5)
(8 -0.4 -0.5)
(8.1 -0.4 -0.5)
(8.2 -0.4 -0.5)
(8.3 -0.4 -0.5)
(8.4 -0.4 -0.5)
(8.5 -0.4 -0.5)
(8.6 -0.4 -0.5)
(8.7 -0.4 -0.5)
(8.8 -0.4 -0.5)
(8.9 -0.4 -0.5)
(9 -0.4 -0.5)
(9.1 -0.4 -0.5)
(9.2 -0.4 -0.5)
(9.3 -0.4 -0.5)
(9.4 -0.4 -0.5)
(9.5 -0.4 -0.5)
(9.6 -0.4 -0.5)
(9.7 -0.4 -0.5)
(9.8 -0.4 -0.5)
(9.9 -0.4 -0.5)
(10 -0.4 -0.5)
(1 -0.3 -0.5)
(1.1 -0.3 -0.5)
(1.2 -0.3 -0.5)
(1.3 -0.3 -0.5)
(1.4 -0.3 -0.5)
(1.5 -0.3 -0.5)
(1.6 -0.3 -0.5)
(1.7 -0.3 -0.5)
(1.8 -0.3 -0.5)
(1.9 -0.3 -0.5)
(2 -0.3 -0.5)
(2.1 -0.3 -0.5)
(2.2 -0.3 -0.5)
(2.3 -0.3 -0.5)
(2.4 -0.3 -0.5)
(2.5 -0.3 -0.5)
(2.6 -0.3 -0.5)
(2.7 -0.3 -0.5)
(2.8 -0.3 -0.5)
(2.9 -0.3 -0.5)
(3 -0.3 -0.5)
(3.1 -0.3 -0.5)
(3.2 -0.3 -0.5)
(3.3 -0.3 -0.5)
(3.4 -0.3 -0.5)
(3.5 -0.3 -0.5)
(3.6 -0.3 -0.5)
(3.7 -0.3 -0.5)
(3.8 -0.3 -0.5)
(3.9 -0.3 -0.5)
(4 -0.3 -0.5)
(4.1 -0.3 -0.5)
(4.2 -0.3 -0.5)
(4.3 -0.3 -0.5)
(4.4 -0.3 -0.5)
(4.5 -0.3 -0.5)
(4.6 -0.3 -0.5)
(4.7 -0.3 -0.5)
(4.8 -0.3 -0.5)
(4.9 -0.3 -0.5)
(5 -0.3 -0.5)
(5.1 -0.3 -0.5)
(5.2 -0.3 -0.5)
(5.3 -0.3 -0.5)
(5.4 -0.3 -0.5)
(5.5 -0.3 -0.5)
(5.6 -0.3 -0.5)
(5.7 -0.3 -0.5)
(5.8 -0.3 -0.5)
(5.9 -0.3 -0.5)
(6 -0.3 -0.5)
(6.1 -0.3 -0.5)
(6.2 -0.3 -0.5)
(6.3 -0.3 -0.5)
(6.4 -0.3 -0.5)
(6.5 -0.3 -0.5)
(6.6 -0.3 -0.5)
(6.7 -0.3 -0.5)
(6.8 -0.3 -0.5)
(6.9 -0.3 -0.5)
(7 -0.3 -0.5)
(7.1 -0.3 -0.5)
(7.2 -0.3 -0.5)
(7.3 -0.3 -0.5)
(7.4 -0.3 -0.5)
(7.5 -0.3 -0.5)
(7.6 -0.3 -0.5)
(7.7 -0.3 -0.5)
(7.8 -0.3 -0.5)
(7.9 -0.3 -0.5)
(8 -0.3 -0.5)
(8.1 -0.3 -0.5)
(8.2 -0.3 -0.5)
(8.3 -0.3 -0.5)
(8.4 -0.3 -0.5)
(8.5 -0.3 -0.5)
(8.6 -0.3 -0.5)
(8.7 -0.3 -0.5)
(8.8 -0.3 -0.5)
(8.9 -0.3 -0.5)
(9 -0.3 -0.5)
(9.1 -0.3 -0.5)
(9.2 -0.3 -0.5)
(9.3 -0.3 -0.5)
(9.4 -0.3 -0.5)
(9.5 -0.3 -0.5)
(9.6 -0.3 -0.5)
(9.7 -0.3 -0.5)
(9.8 -0.3 -0.5)
(9.9 -0.3 -0.5)
(10 -0.3 -0.5)
(1 -0.2 -0.5)
(1.1 -0.2 -0.5)
(1.2 -0.2 -0.5)
(1.3 -0.2 -0.5)
(1.4 -0.2 -0.5)
(1.5 -0.2 -0.5)
(1.6 -0.2 -0.5)
(1.7 -0.2 -0.5)
(1.8 -0.2 -0.5)
(1.9 -0.2 -0.5)
(2 -0.2 -0.5)
(2.1 -0.2 -0.5)
(2.2 -0.2 -0.5)
(2.3 -0.2 -0.5)
(2.4 -0.2 -0.5)
(2.5 -0.2 -0.5)
(2.6 -0.2 -0.5)
(2.7 -0.2 -0.5)
(2.8 -0.2 -0.5)
(2.9 -0.2 -0.5)
(3 -0.2 -0.5)
(3.1 -0.2 -0.5)
(3.2 -0.2 -0.5)
(3.3 -0.2 -0.5)
(3.4 -0.2 -0.5)
(3.5 -0.2 -0.5)
(3.6 -0.2 -0.5)
(3.7 -0.2 -0.5)
(3.8 -0.2 -0.5)
(3.9 -0.2 -0.5)
(4 -0.2 -0.5)
(4.1 -0.2 -0.5)
(4.2 -0.2 -0.5)
(4.3 -0.2 -0.5)
(4.4 -0.2 -0.5)
(4.5 -0.2 -0.5)
(4.6 -0.2 -0.5)
(4.7 -0.2 -0.5)
(4.8 -0.2 -0.5)
(4.9 -0.2 -0.5)
(5 -0.2 -0.5)
(5.1 -0.2 -0.5)
(5.2 -0.2 -0.5)
(5.3 -0.2 -0.5)
(5.4 -0.2 -0.5)
(5.5 -0.2 -0.5)
(5.6 -0.2 -0.5)
(5.7 -0.2 -0.5)
(5.8 -0.2 -0.5)
(5.9 -0.2 -0.5)
(6 -0.2 -0.5)
(6.1 -0.2 -0.5)
(6.2 -0.2 -0.5)
(6.3 -0.2 -0.5)
(6.4 -0.2 -0.5)
(6.5 -0.2 -0.5)
(6.6 -0.2 -0.5)
(6.7 -0.2 -0.5)
(6.8 -0.2 -0.5)
(6.9 -0.2 -0.5)
(7 -0.2 -0.5)
(7.1 -0.2 -0.5)
(7.2 -0.2 -0.5)
(7.3 -0.2 -0.5)
(7.4 -0.2 -0.5)
(7.5 -0.2 -0.5)
(7.6 -0.2 -0.5)
(7.7 -0.2 -0.5)
(7.8 -0.2 -0.5)
(7.9 -0.2 -0.5)
(8 -0.2 -0.5)
(8.1 -0.2 -0.5)
(8.2 -0.2 -0.5)
(8.3 -0.2 -0.5)
(8.4 -0.2 -0.5)
(8.5 -0.2 -0.5)
(8.6 -0.2 -0.5)
(8.7 -0.2 -0.5)
(8.8 -0.2 -0.5)
(8.9 -0.2 -0.5)
(9 -0.2 -0.5)
(9.1 -0.2 -0.5)
(9.2 -0.2 -0.5)
(9.3 -0.2 -0.5)
(9.4 -0.2 -0.5)
(9.5 -0.2 -0.5)
(9.6 -0.2 -0.5)
(9.7 -0.2 -0.5)
(9.8 -0.2 -0.5)
(9.9 -0.2 -0.5)
(10 -0.2 -0.5)
(1 -0.1 -0.5)
(1.1 -0.1 -0.5)
(1.2 -0.1 -0.5)
(1.3 -0.1 -0.5)
(1.4 -0.1 -0.5)
(1.5 -0.1 -0.5)
(1.6 -0.1 -0.5)
(1.7 -0.1 -0.5)
(1.8 -0.1 -0.5)
(1.9 -0.1 -0.5)
(2 -0.1 -0.5)
(2.1 -0.1 -0.5)
(2.2 -0.1 -0.5)
(2.3 -0.1 -0.5)
(2.4 -0.1 -0.5)
(2.5 -0.1 -0.5)
(2.6 -0.1 -0.5)
(2.7 -0.1 -0.5)
(2.8 -0.1 -0.5)
(2.9 -0.1 -0.5)
(3 -0.1 -0.5)
(3.1 -0.1 -0.5)
(3.2 -0.1 -0.5)
(3.3 -0.1 -0.5)
(3.4 -0.1 -0.5)
(3.5 -0.1 -0.5)
(3.6 -0.1 -0.5)
(3.7 -0.1 -0.5)
(3.8 -0.1 -0.5)
(3.9 -0.1 -0.5)
(4 -0.1 -0.5)
(4.1 -0.1 -0.5)
(4.2 -0.1 -0.5)
(4.3 -0.1 -0.5)
(4.4 -0.1 -0.5)
(4.5 -0.1 -0.5)
(4.6 -0.1 -0.5)
(4.7 -0.1 -0.5)
(4.8 -0.1 -0.5)
(4.9 -0.1 -0.5)
(5 -0.1 -0.5)
(5.1 -0.1 -0.5)
(5.2 -0.1 -0.5)
(5.3 -0.1 -0.5)
(5.4 -0.1 -0.5)
(5.5 -0.1 -0.5)
(5.6 -0.1 -0.5)
(5.7 -0.1 -0.5)
(5.8 -0.1 -0.5)
(5.9 -0.1 -0.5)
(6 -0.1 -0.5)
(6.1 -0.1 -0.5)
(6.2 -0.1 -0.5)
(6.3 -0.1 -0.5)
(6.4 -0.1 -0.5)
(6.5 -0.1 -0.5)
(6.6 -0.1 -0.5)
(6.7 -0.1 -0.5)
(6.8 -0.1 -0.5)
(6.9 -0.1 -0.5)
(7 -0.1 -0.5)
(7.1 -0.1 -0.5)
(7.2 -0.1 -0.5)
(7.3 -0.1 -0.5)
(7.4 -0.1 -0.5)
(7.5 -0.1 -0.5)
(7.6 -0.1 -0.5)
(7.7 -0.1 -0.5)
(7.8 -0.1 -0.5)
(7.9 -0.1 -0.5)
(8 -0.1 -0.5)
(8.1 -0.1 -0.5)
(8.2 -0.1 -0.5)
(8.3 -0.1 -0.5)
(8.4 -0.1 -0.5)
(8.5 -0.1 -0.5)
(8.6 -0.1 -0.5)
(8.7 -0.1 -0.5)
(8.8 -0.1 -0.5)
(8.9 -0.1 -0.5)
(9 -0.1 -0.5)
(9.1 -0.1 -0.5)
(9.2 -0.1 -0.5)
(9.3 -0.1 -0.5)
(9.4 -0.1 -0.5)
(9.5 -0.1 -0.5)
(9.6 -0.1 -0.5)
(9.7 -0.1 -0.5)
(9.8 -0.1 -0.5)
(9.9 -0.1 -0.5)
(10 -0.1 -0.5)
(1.1 0 -0.5)
(1.2 0 -0.5)
(1.3 0 -0.5)
(1.4 0 -0.5)
(1.5 0 -0.5)
(1.6 0 -0.5)
(1.7 0 -0.5)
(1.8 0 -0.5)
(1.9 0 -0.5)
(2 0 -0.5)
(2.1 0 -0.5)
(2.2 0 -0.5)
(2.3 0 -0.5)
(2.4 0 -0.5)
(2.5 0 -0.5)
(2.6 0 -0.5)
(2.7 0 -0.5)
(2.8 0 -0.5)
(2.9 0 -0.5)
(3 0 -0.5)
(3.1 0 -0.5)
(3.2 0 -0.5)
(3.3 0 -0.5)
(3.4 0 -0.5)
(3.5 0 -0.5)
(3.6 0 -0.5)
(3.7 0 -0.5)
(3.8 0 -0.5)
(3.9 0 -0.5)
(4 0 -0.5)
(4.1 0 -0.5)
(4.2 0 -0.5)
(4.3 0 -0.5)
(4.4 0 -0.5)
(4.5 0 -0.5)
(4.6 0 -0.5)
(4.7 0 -0.5)
(4.8 0 -0.5)
(4.9 0 -0.5)
(5 0 -0.5)
(5.1 0 -0.5)
(5.2 0 -0.5)
(5.3 0 -0.5)
(5.4 0 -0.5)
(5.5 0 -0.5)
(5.6 0 -0.5)
(5.7 0 -0.5)
(5.8 0 -0.5)
(5.9 0 -0.5)
(6 0 -0.5)
(6.1 0 -0.5)
(6.2 0 -0.5)
(6.3 0 -0.5)
(6.4 0 -0.5)
(6.5 0 -0.5)
(6.6 0 -0.5)
(6.7 0 -0.5)
(6.8 0 -0.5)
(6.9 0 -0.5)
(7 0 -0.5)
(7.1 0 -0.5)
(7.2 0 -0.5)
(7.3 0 -0.5)
(7.4 0 -0.5)
(7.5 0 -0.5)
(7.6 0 -0.5)
(7.7 0 -0.5)
(7.8 0 -0.5)
(7.9 0 -0.5)
(8 0 -0.5)
(8.1 0 -0.5)
(8.2 0 -0.5)
(8.3 0 -0.5)
(8.4 0 -0.5)
(8.5 0 -0.5)
(8.6 0 -0.5)
(8.7 0 -0.5)
(8.8 0 -0.5)
(8.9 0 -0.5)
(9 0 -0.5)
(9.1 0 -0.5)
(9.2 0 -0.5)
(9.3 0 -0.5)
(9.4 0 -0.5)
(9.5 0 -0.5)
(9.6 0 -0.5)
(9.7 0 -0.5)
(9.8 0 -0.5)
(9.9 0 -0.5)
(10 0 -0.5)
(1 -1 0.5)
(1.1 -1 0.5)
(1.2 -1 0.5)
(1.3 -1 0.5)
(1.4 -1 0.5)
(1.5 -1 0.5)
(1.6 -1 0.5)
(1.7 -1 0.5)
(1.8 -1 0.5)
(1.9 -1 0.5)
(2 -1 0.5)
(2.1 -1 0.5)
(2.2 -1 0.5)
(2.3 -1 0.5)
(2.4 -1 0.5)
(2.5 -1 0.5)
(2.6 -1 0.5)
(2.7 -1 0.5)
(2.8 -1 0.5)
(2.9 -1 0.5)
(3 -1 0.5)
(3.1 -1 0.5)
(3.2 -1 0.5)
(3.3 -1 0.5)
(3.4 -1 0.5)
(3.5 -1 0.5)
(3.6 -1 0.5)
(3.7 -1 0.5)
(3.8 -1 0.5)
(3.9 -1 0.5)
(4 -1 0.5)
(4.1 -1 0.5)
(4.2 -1 0.5)
(4.3 -1 0.5)
(4.4 -1 0.5)
(4.5 -1 0.5)
(4.6 -1 0.5)
(4.7 -1 0.5)
(4.8 -1 0.5)
(4.9 -1 0.5)
(5 -1 0.5)
(5.1 -1 0.5)
(5.2 -1 0.5)
(5.3 -1 0.5)
(5.4 -1 0.5)
(5.5 -1 0.5)
(5.6 -1 0.5)
(5.7 -1 0.5)
(5.8 -1 0.5)
(5.9 -1 0.5)
(6 -1 0.5)
(6.1 -1 0.5)
(6.2 -1 0.5)
(6.3 -1 0.5)
(6.4 -1 0.5)
(6.5 -1 0.5)
(6.6 -1 0.5)
(6.7 -1 0.5)
(6.8 -1 0.5)
(6.9 -1 0.5)
(7 -1 0.5)
(7.1 -1 0.5)
(7.2 -1 0.5)
(7.3 -1 0.5)
(7.4 -1 0.5)
(7.5 -1 0.5)
(7.6 -1 0.5)
(7.7 -1 0.5)
(7.8 -1 0.5)
(7.9 -1 0.5)
(8 -1 0.5)
(8.1 -1 0.5)
(8.2 -1 0.5)
(8.3 -1 0.5)
(8.4 -1 0.5)
(8.5 -1 0.5)
(8.6 -1 0.5)
(8.7 -1 0.5)
(8.8 -1 0.5)
(8.9 -1 0.5)
(9 -1 0.5)
(9.1 -1 0.5)
(9.2 -1 0.5)
(9.3 -1 0.5)
(9.4 -1 0.5)
(9.5 -1 0.5)
(9.6 -1 0.5)
(9.7 -1 0.5)
(9.8 -1 0.5)
(9.9 -1 0.5)
(10 -1 0.5)
(1 -0.9 0.5)
(1.1 -0.9 0.5)
(1.2 -0.9 0.5)
(1.3 -0.9 0.5)
(1.4 -0.9 0.5)
(1.5 -0.9 0.5)
(1.6 -0.9 0.5)
(1.7 -0.9 0.5)
(1.8 -0.9 0.5)
(1.9 -0.9 0.5)
(2 -0.9 0.5)
(2.1 -0.9 0.5)
(2.2 -0.9 0.5)
(2.3 -0.9 0.5)
(2.4 -0.9 0.5)
(2.5 -0.9 0.5)
(2.6 -0.9 0.5)
(2.7 -0.9 0.5)
(2.8 -0.9 0.5)
(2.9 -0.9 0.5)
(3 -0.9 0.5)
(3.1 -0.9 0.5)
(3.2 -0.9 0.5)
(3.3 -0.9 0.5)
(3.4 -0.9 0.5)
(3.5 -0.9 0.5)
(3.6 -0.9 0.5)
(3.7 -0.9 0.5)
(3.8 -0.9 0.5)
(3.9 -0.9 0.5)
(4 -0.9 0.5)
(4.1 -0.9 0.5)
(4.2 -0.9 0.5)
(4.3 -0.9 0.5)
(4.4 -0.9 0.5)
(4.5 -0.9 0.5)
(4.6 -0.9 0.5)
(4.7 -0.9 0.5)
(4.8 -0.9 0.5)
(4.9 -0.9 0.5)
(5 -0.9 0.5)
(5.1 -0.9 0.5)
(5.2 -0.9 0.5)
(5.3 -0.9 0.5)
(5.4 -0.9 0.5)
(5.5 -0.9 0.5)
(5.6 -0.9 0.5)
(5.7 -0.9 0.5)
(5.8 -0.9 0.5)
(5.9 -0.9 0.5)
(6 -0.9 0.5)
(6.1 -0.9 0.5)
(6.2 -0.9 0.5)
(6.3 -0.9 0.5)
(6.4 -0.9 0.5)
(6.5 -0.9 0.5)
(6.6 -0.9 0.5)
(6.7 -0.9 0.5)
(6.8 -0.9 0.5)
(6.9 -0.9 0.5)
(7 -0.9 0.5)
(7.1 -0.9 0.5)
(7.2 -0.9 0.5)
(7.3 -0.9 0.5)
(7.4 -0.9 0.5)
(7.5 -0.9 0.5)
(7.6 -0.9 0.5)
(7.7 -0.9 0.5)
(7.8 -0.9 0.5)
(7.9 -0.9 0.5)
(8 -0.9 0.5)
(8.1 -0.9 0.5)
(8.2 -0.9 0.5)
(8.3 -0.9 0.5)
(8.4 -0.9 0.5)
(8.5 -0.9 0.5)
(8.6 -0.9 0.5)
(8.7 -0.9 0.5)
(8.8 -0.9 0.5)
(8.9 -0.9 0.5)
(9 -0.9 0.5)
(9.1 -0.9 0.5)
(9.2 -0.9 0.5)
(9.3 -0.9 0.5)
(9.4 -0.9 0.5)
(9.5 -0.9 0.5)
(9.6 -0.9 0.5)
(9.7 -0.9 0.5)
(9.8 -0.9 0.5)
(9.9 -0.9 0.5)
(10 -0.9 0.5)
(1 -0.8 0.5)
(1.1 -0.8 0.5)
(1.2 -0.8 0.5)
(1.3 -0.8 0.5)
(1.4 -0.8 0.5)
(1.5 -0.8 0.5)
(1.6 -0.8 0.5)
(1.7 -0.8 0.5)
(1.8 -0.8 0.5)
(1.9 -0.8 0.5)
(2 -0.8 0.5)
(2.1 -0.8 0.5)
(2.2 -0.8 0.5)
(2.3 -0.8 0.5)
(2.4 -0.8 0.5)
(2.5 -0.8 0.5)
(2.6 -0.8 0.5)
(2.7 -0.8 0.5)
(2.8 -0.8 0.5)
(2.9 -0.8 0.5)
(3 -0.8 0.5)
(3.1 -0.8 0.5)
(3.2 -0.8 0.5)
(3.3 -0.8 0.5)
(3.4 -0.8 0.5)
(3.5 -0.8 0.5)
(3.6 -0.8 0.5)
(3.7 -0.8 0.5)
(3.8 -0.8 0.5)
(3.9 -0.8 0.5)
(4 -0.8 0.5)
(4.1 -0.8 0.5)
(4.2 -0.8 0.5)
(4.3 -0.8 0.5)
(4.4 -0.8 0.5)
(4.5 -0.8 0.5)
(4.6 -0.8 0.5)
(4.7 -0.8 0.5)
(4.8 -0.8 0.5)
(4.9 -0.8 0.5)
(5 -0.8 0.5)
(5.1 -0.8 0.5)
(5.2 -0.8 0.5)
(5.3 -0.8 0.5)
(5.4 -0.8 0.5)
(5.5 -0.8 0.5)
(5.6 -0.8 0.5)
(5.7 -0.8 0.5)
(5.8 -0.8 0.5)
(5.9 -0.8 0.5)
(6 -0.8 0.5)
(6.1 -0.8 0.5)
(6.2 -0.8 0.5)
(6.3 -0.8 0.5)
(6.4 -0.8 0.5)
(6.5 -0.8 0.5)
(6.6 -0.8 0.5)
(6.7 -0.8 0.5)
(6.8 -0.8 0.5)
(6.9 -0.8 0.5)
(7 -0.8 0.5)
(7.1 -0.8 0.5)
(7.2 -0.8 0.5)
(7.3 -0.8 0.5)
(7.4 -0.8 0.5)
(7.5 -0.8 0.5)
(7.6 -0.8 0.5)
(7.7 -0.8 0.5)
(7.8 -0.8 0.5)
(7.9 -0.8 0.5)
(8 -0.8 0.5)
(8.1 -0.8 0.5)
(8.2 -0.8 0.5)
(8.3 -0.8 0.5)
(8.4 -0.8 0.5)
(8.5 -0.8 0.5)
(8.6 -0.8 0.5)
(8.7 -0.8 0.5)
(8.8 -0.8 0.5)
(8.9 -0.8 0.5)
(9 -0.8 0.5)
(9.1 -0.8 0.5)
(9.2 -0.8 0.5)
(9.3 -0.8 0.5)
(9.4 -0.8 0.5)
(9.5 -0.8 0.5)
(9.6 -0.8 0.5)
(9.7 -0.8 0.5)
(9.8 -0.8 0.5)
(9.9 -0.8 0.5)
(10 -0.8 0.5)
(1 -0.7 0.5)
(1.1 -0.7 0.5)
(1.2 -0.7 0.5)
(1.3 -0.7 0.5)
(1.4 -0.7 0.5)
(1.5 -0.7 0.5)
(1.6 -0.7 0.5)
(1.7 -0.7 0.5)
(1.8 -0.7 0.5)
(1.9 -0.7 0.5)
(2 -0.7 0.5)
(2.1 -0.7 0.5)
(2.2 -0.7 0.5)
(2.3 -0.7 0.5)
(2.4 -0.7 0.5)
(2.5 -0.7 0.5)
(2.6 -0.7 0.5)
(2.7 -0.7 0.5)
(2.8 -0.7 0.5)
(2.9 -0.7 0.5)
(3 -0.7 0.5)
(3.1 -0.7 0.5)
(3.2 -0.7 0.5)
(3.3 -0.7 0.5)
(3.4 -0.7 0.5)
(3.5 -0.7 0.5)
(3.6 -0.7 0.5)
(3.7 -0.7 0.5)
(3.8 -0.7 0.5)
(3.9 -0.7 0.5)
(4 -0.7 0.5)
(4.1 -0.7 0.5)
(4.2 -0.7 0.5)
(4.3 -0.7 0.5)
(4.4 -0.7 0.5)
(4.5 -0.7 0.5)
(4.6 -0.7 0.5)
(4.7 -0.7 0.5)
(4.8 -0.7 0.5)
(4.9 -0.7 0.5)
(5 -0.7 0.5)
(5.1 -0.7 0.5)
(5.2 -0.7 0.5)
(5.3 -0.7 0.5)
(5.4 -0.7 0.5)
(5.5 -0.7 0.5)
(5.6 -0.7 0.5)
(5.7 -0.7 0.5)
(5.8 -0.7 0.5)
(5.9 -0.7 0.5)
(6 -0.7 0.5)
(6.1 -0.7 0.5)
(6.2 -0.7 0.5)
(6.3 -0.7 0.5)
(6.4 -0.7 0.5)
(6.5 -0.7 0.5)
(6.6 -0.7 0.5)
(6.7 -0.7 0.5)
(6.8 -0.7 0.5)
(6.9 -0.7 0.5)
(7 -0.7 0.5)
(7.1 -0.7 0.5)
(7.2 -0.7 0.5)
(7.3 -0.7 0.5)
(7.4 -0.7 0.5)
(7.5 -0.7 0.5)
(7.6 -0.7 0.5)
(7.7 -0.7 0.5)
(7.8 -0.7 0.5)
(7.9 -0.7 0.5)
(8 -0.7 0.5)
(8.1 -0.7 0.5)
(8.2 -0.7 0.5)
(8.3 -0.7 0.5)
(8.4 -0.7 0.5)
(8.5 -0.7 0.5)
(8.6 -0.7 0.5)
(8.7 -0.7 0.5)
(8.8 -0.7 0.5)
(8.9 -0.7 0.5)
(9 -0.7 0.5)
(9.1 -0.7 0.5)
(9.2 -0.7 0.5)
(9.3 -0.7 0.5)
(9.4 -0.7 0.5)
(9.5 -0.7 0.5)
(9.6 -0.7 0.5)
(9.7 -0.7 0.5)
(9.8 -0.7 0.5)
(9.9 -0.7 0.5)
(10 -0.7 0.5)
(1 -0.6 0.5)
(1.1 -0.6 0.5)
(1.2 -0.6 0.5)
(1.3 -0.6 0.5)
(1.4 -0.6 0.5)
(1.5 -0.6 0.5)
(1.6 -0.6 0.5)
(1.7 -0.6 0.5)
(1.8 -0.6 0.5)
(1.9 -0.6 0.5)
(2 -0.6 0.5)
(2.1 -0.6 0.5)
(2.2 -0.6 0.5)
(2.3 -0.6 0.5)
(2.4 -0.6 0.5)
(2.5 -0.6 0.5)
(2.6 -0.6 0.5)
(2.7 -0.6 0.5)
(2.8 -0.6 0.5)
(2.9 -0.6 0.5)
(3 -0.6 0.5)
(3.1 -0.6 0.5)
(3.2 -0.6 0.5)
(3.3 -0.6 0.5)
(3.4 -0.6 0.5)
(3.5 -0.6 0.5)
(3.6 -0.6 0.5)
(3.7 -0.6 0.5)
(3.8 -0.6 0.5)
(3.9 -0.6 0.5)
(4 -0.6 0.5)
(4.1 -0.6 0.5)
(4.2 -0.6 0.5)
(4.3 -0.6 0.5)
(4.4 -0.6 0.5)
(4.5 -0.6 0.5)
(4.6 -0.6 0.5)
(4.7 -0.6 0.5)
(4.8 -0.6 0.5)
(4.9 -0.6 0.5)
(5 -0.6 0.5)
(5.1 -0.6 0.5)
(5.2 -0.6 0.5)
(5.3 -0.6 0.5)
(5.4 -0.6 0.5)
(5.5 -0.6 0.5)
(5.6 -0.6 0.5)
(5.7 -0.6 0.5)
(5.8 -0.6 0.5)
(5.9 -0.6 0.5)
(6 -0.6 0.5)
(6.1 -0.6 0.5)
(6.2 -0.6 0.5)
(6.3 -0.6 0.5)
(6.4 -0.6 0.5)
(6.5 -0.6 0.5)
(6.6 -0.6 0.5)
(6.7 -0.6 0.5)
(6.8 -0.6 0.5)
(6.9 -0.6 0.5)
(7 -0.6 0.5)
(7.1 -0.6 0.5)
(7.2 -0.6 0.5)
(7.3 -0.6 0.5)
(7.4 -0.6 0.5)
(7.5 -0.6 0.5)
(7.6 -0.6 0.5)
(7.7 -0.6 0.5)
(7.8 -0.6 0.5)
(7.9 -0.6 0.5)
(8 -0.6 0.5)
(8.1 -0.6 0.5)
(8.2 -0.6 0.5)
(8.3 -0.6 0.5)
(8.4 -0.6 0.5)
(8.5 -0.6 0.5)
(8.6 -0.6 0.5)
(8.7 -0.6 0.5)
(8.8 -0.6 0.5)
(8.9 -0.6 0.5)
(9 -0.6 0.5)
(9.1 -0.6 0.5)
(9.2 -0.6 0.5)
(9.3 -0.6 0.5)
(9.4 -0.6 0.5)
(9.5 -0.6 0.5)
(9.6 -0.6 0.5)
(9.7 -0.6 0.5)
(9.8 -0.6 0.5)
(9.9 -0.6 0.5)
(10 -0.6 0.5)
(1 -0.5 0.5)
(1.1 -0.5 0.5)
(1.2 -0.5 0.5)
(1.3 -0.5 0.5)
(1.4 -0.5 0.5)
(1.5 -0.5 0.5)
(1.6 -0.5 0.5)
(1.7 -0.5 0.5)
(1.8 -0.5 0.5)
(1.9 -0.5 0.5)
(2 -0.5 0.5)
(2.1 -0.5 0.5)
(2.2 -0.5 0.5)
(2.3 -0.5 0.5)
(2.4 -0.5 0.5)
(2.5 -0.5 0.5)
(2.6 -0.5 0.5)
(2.7 -0.5 0.5)
(2.8 -0.5 0.5)
(2.9 -0.5 0.5)
(3 -0.5 0.5)
(3.1 -0.5 0.5)
(3.2 -0.5 0.5)
(3.3 -0.5 0.5)
(3.4 -0.5 0.5)
(3.5 -0.5 0.5)
(3.6 -0.5 0.5)
(3.7 -0.5 0.5)
(3.8 -0.5 0.5)
(3.9 -0.5 0.5)
(4 -0.5 0.5)
(4.1 -0.5 0.5)
(4.2 -0.5 0.5)
(4.3 -0.5 0.5)
(4.4 -0.5 0.5)
(4.5 -0.5 0.5)
(4.6 -0.5 0.5)
(4.7 -0.5 0.5)
(4.8 -0.5 0.5)
(4.9 -0.5 0.5)
(5 -0.5 0.5)
(5.1 -0.5 0.5)
(5.2 -0.5 0.5)
(5.3 -0.5 0.5)
(5.4 -0.5 0.5)
(5.5 -0.5 0.5)
(5.6 -0.5 0.5)
(5.7 -0.5 0.5)
(5.8 -0.5 0.5)
(5.9 -0.5 0.5)
(6 -0.5 0.5)
(6.1 -0.5 0.5)
(6.2 -0.5 0.5)
(6.3 -0.5 0.5)
(6.4 -0.5 0.5)
(6.5 -0.5 0.5)
(6.6 -0.5 0.5)
(6.7 -0.5 0.5)
(6.8 -0.5 0.5)
(6.9 -0.5 0.5)
(7 -0.5 0.5)
(7.1 -0.5 0.5)
(7.2 -0.5 0.5)
(7.3 -0.5 0.5)
(7.4 -0.5 0.5)
(7.5 -0.5 0.5)
(7.6 -0.5 0.5)
(7.7 -0.5 0.5)
(7.8 -0.5 0.5)
(7.9 -0.5 0.5)
(8 -0.5 0.5)
(8.1 -0.5 0.5)
(8.2 -0.5 0.5)
(8.3 -0.5 0.5)
(8.4 -0.5 0.5)
(8.5 -0.5 0.5)
(8.6 -0.5 0.5)
(8.7 -0.5 0.5)
(8.8 -0.5 0.5)
(8.9 -0.5 0.5)
(9 -0.5 0.5)
(9.1 -0.5 0.5)
(9.2 -0.5 0.5)
(9.3 -0.5 0.5)
(9.4 -0.5 0.5)
(9.5 -0.5 0.5)
(9.6 -0.5 0.5)
(9.7 -0.5 0.5)
(9.8 -0.5 0.5)
(9.9 -0.5 0.5)
(10 -0.5 0.5)
(1 -0.4 0.5)
(1.1 -0.4 0.5)
(1.2 -0.4 0.5)
(1.3 -0.4 0.5)
(1.4 -0.4 0.5)
(1.5 -0.4 0.5)
(1.6 -0.4 0.5)
(1.7 -0.4 0.5)
(1.8 -0.4 0.5)
(1.9 -0.4 0.5)
(2 -0.4 0.5)
(2.1 -0.4 0.5)
(2.2 -0.4 0.5)
(2.3 -0.4 0.5)
(2.4 -0.4 0.5)
(2.5 -0.4 0.5)
(2.6 -0.4 0.5)
(2.7 -0.4 0.5)
(2.8 -0.4 0.5)
(2.9 -0.4 0.5)
(3 -0.4 0.5)
(3.1 -0.4 0.5)
(3.2 -0.4 0.5)
(3.3 -0.4 0.5)
(3.4 -0.4 0.5)
(3.5 -0.4 0.5)
(3.6 -0.4 0.5)
(3.7 -0.4 0.5)
(3.8 -0.4 0.5)
(3.9 -0.4 0.5)
(4 -0.4 0.5)
(4.1 -0.4 0.5)
(4.2 -0.4 0.5)
(4.3 -0.4 0.5)
(4.4 -0.4 0.5)
(4.5 -0.4 0.5)
(4.6 -0.4 0.5)
(4.7 -0.4 0.5)
(4.8 -0.4 0.5)
(4.9 -0.4 0.5)
(5 -0.4 0.5)
(5.1 -0.4 0.5)
(5.2 -0.4 0.5)
(5.3 -0.4 0.5)
(5.4 -0.4 0.5)
(5.5 -0.4 0.5)
(5.6 -0.4 0.5)
(5.7 -0.4 0.5)
(5.8 -0.4 0.5)
(5.9 -0.4 0.5)
(6 -0.4 0.5)
(6.1 -0.4 0.5)
(6.2 -0.4 0.5)
(6.3 -0.4 0.5)
(6.4 -0.4 0.5)
(6.5 -0.4 0.5)
(6.6 -0.4 0.5)
(6.7 -0.4 0.5)
(6.8 -0.4 0.5)
(6.9 -0.4 0.5)
(7 -0.4 0.5)
(7.1 -0.4 0.5)
(7.2 -0.4 0.5)
(7.3 -0.4 0.5)
(7.4 -0.4 0.5)
(7.5 -0.4 0.5)
(7.6 -0.4 0.5)
(7.7 -0.4 0.5)
(7.8 -0.4 0.5)
(7.9 -0.4 0.5)
(8 -0.4 0.5)
(8.1 -0.4 0.5)
(8.2 -0.4 0.5)
(8.3 -0.4 0.5)
(8.4 -0.4 0.5)
(8.5 -0.4 0.5)
(8.6 -0.4 0.5)
(8.7 -0.4 0.5)
(8.8 -0.4 0.5)
(8.9 -0.4 0.5)
(9 -0.4 0.5)
(9.1 -0.4 0.5)
(9.2 -0.4 0.5)
(9.3 -0.4 0.5)
(9.4 -0.4 0.5)
(9.5 -0.4 0.5)
(9.6 -0.4 0.5)
(9.7 -0.4 0.5)
(9.8 -0.4 0.5)
(9.9 -0.4 0.5)
(10 -0.4 0.5)
(1 -0.3 0.5)
(1.1 -0.3 0.5)
(1.2 -0.3 0.5)
(1.3 -0.3 0.5)
(1.4 -0.3 0.5)
(1.5 -0.3 0.5)
(1.6 -0.3 0.5)
(1.7 -0.3 0.5)
(1.8 -0.3 0.5)
(1.9 -0.3 0.5)
(2 -0.3 0.5)
(2.1 -0.3 0.5)
(2.2 -0.3 0.5)
(2.3 -0.3 0.5)
(2.4 -0.3 0.5)
(2.5 -0.3 0.5)
(2.6 -0.3 0.5)
(2.7 -0.3 0.5)
(2.8 -0.3 0.5)
(2.9 -0.3 0.5)
(3 -0.3 0.5)
(3.1 -0.3 0.5)
(3.2 -0.3 0.5)
(3.3 -0.3 0.5)
(3.4 -0.3 0.5)
(3.5 -0.3 0.5)
(3.6 -0.3 0.5)
(3.7 -0.3 0.5)
(3.8 -0.3 0.5)
(3.9 -0.3 0.5)
(4 -0.3 0.5)
(4.1 -0.3 0.5)
(4.2 -0.3 0.5)
(4.3 -0.3 0.5)
(4.4 -0.3 0.5)
(4.5 -0.3 0.5)
(4.6 -0.3 0.5)
(4.7 -0.3 0.5)
(4.8 -0.3 0.5)
(4.9 -0.3 0.5)
(5 -0.3 0.5)
(5.1 -0.3 0.5)
(5.2 -0.3 0.5)
(5.3 -0.3 0.5)
(5.4 -0.3 0.5)
(5.5 -0.3 0.5)
(5.6 -0.3 0.5)
(5.7 -0.3 0.5)
(5.8 -0.3 0.5)
(5.9 -0.3 0.5)
(6 -0.3 0.5)
(6.1 -0.3 0.5)
(6.2 -0.3 0.5)
(6.3 -0.3 0.5)
(6.4 -0.3 0.5)
(6.5 -0.3 0.5)
(6.6 -0.3 0.5)
(6.7 -0.3 0.5)
(6.8 -0.3 0.5)
(6.9 -0.3 0.5)
(7 -0.3 0.5)
(7.1 -0.3 0.5)
(7.2 -0.3 0.5)
(7.3 -0.3 0.5)
(7.4 -0.3 0.5)
(7.5 -0.3 0.5)
(7.6 -0.3 0.5)
(7.7 -0.3 0.5)
(7.8 -0.3 0.5)
(7.9 -0.3 0.5)
(8 -0.3 0.5)
(8.1 -0.3 0.5)
(8.2 -0.3 0.5)
(8.3 -0.3 0.5)
(8.4 -0.3 0.5)
(8.5 -0.3 0.5)
(8.6 -0.3 0.5)
(8.7 -0.3 0.5)
(8.8 -0.3 0.5)
(8.9 -0.3 0.5)
(9 -0.3 0.5)
(9.1 -0.3 0.5)
(9.2 -0.3 0.5)
(9.3 -0.3 0.5)
(9.4 -0.3 0.5)
(9.5 -0.3 0.5)
(9.6 -0.3 0.5)
(9.7 -0.3 0.5)
(9.8 -0.3 0.5)
(9.9 -0.3 0.5)
(10 -0.3 0.5)
(1 -0.2 0.5)
(1.1 -0.2 0.5)
(1.2 -0.2 0.5)
(1.3 -0.2 0.5)
(1.4 -0.2 0.5)
(1.5 -0.2 0.5)
(1.6 -0.2 0.5)
(1.7 -0.2 0.5)
(1.8 -0.2 0.5)
(1.9 -0.2 0.5)
(2 -0.2 0.5)
(2.1 -0.2 0.5)
(2.2 -0.2 0.5)
(2.3 -0.2 0.5)
(2.4 -0.2 0.5)
(2.5 -0.2 0.5)
(2.6 -0.2 0.5)
(2.7 -0.2 0.5)
(2.8 -0.2 0.5)
(2.9 -0.2 0.5)
(3 -0.2 0.5)
(3.1 -0.2 0.5)
(3.2 -0.2 0.5)
(3.3 -0.2 0.5)
(3.4 -0.2 0.5)
(3.5 -0.2 0.5)
(3.6 -0.2 0.5)
(3.7 -0.2 0.5)
(3.8 -0.2 0.5)
(3.9 -0.2 0.5)
(4 -0.2 0.5)
(4.1 -0.2 0.5)
(4.2 -0.2 0.5)
(4.3 -0.2 0.5)
(4.4 -0.2 0.5)
(4.5 -0.2 0.5)
(4.6 -0.2 0.5)
(4.7 -0.2 0.5)
(4.8 -0.2 0.5)
(4.9 -0.2 0.5)
(5 -0.2 0.5)
(5.1 -0.2 0.5)
(5.2 -0.2 0.5)
(5.3 -0.2 0.5)
(5.4 -0.2 0.5)
(5.5 -0.2 0.5)
(5.6 -0.2 0.5)
(5.7 -0.2 0.5)
(5.8 -0.2 0.5)
(5.9 -0.2 0.5)
(6 -0.2 0.5)
(6.1 -0.2 0.5)
(6.2 -0.2 0.5)
(6.3 -0.2 0.5)
(6.4 -0.2 0.5)
(6.5 -0.2 0.5)
(6.6 -0.2 0.5)
(6.7 -0.2 0.5)
(6.8 -0.2 0.5)
(6.9 -0.2 0.5)
(7 -0.2 0.5)
(7.1 -0.2 0.5)
(7.2 -0.2 0.5)
(7.3 -0.2 0.5)
(7.4 -0.2 0.5)
(7.5 -0.2 0.5)
(7.6 -0.2 0.5)
(7.7 -0.2 0.5)
(7.8 -0.2 0.5)
(7.9 -0.2 0.5)
(8 -0.2 0.5)
(8.1 -0.2 0.5)
(8.2 -0.2 0.5)
(8.3 -0.2 0.5)
(8.4 -0.2 0.5)
(8.5 -0.2 0.5)
(8.6 -0.2 0.5)
(8.7 -0.2 0.5)
(8.8 -0.2 0.5)
(8.9 -0.2 0.5)
(9 -0.2 0.5)
(9.1 -0.2 0.5)
(9.2 -0.2 0.5)
(9.3 -0.2 0.5)
(9.4 -0.2 0.5)
(9.5 -0.2 0.5)
(9.6 -0.2 0.5)
(9.7 -0.2 0.5)
(9.8 -0.2 0.5)
(9.9 -0.2 0.5)
(10 -0.2 0.5)
(1 -0.1 0.5)
(1.1 -0.1 0.5)
(1.2 -0.1 0.5)
(1.3 -0.1 0.5)
(1.4 -0.1 0.5)
(1.5 -0.1 0.5)
(1.6 -0.1 0.5)
(1.7 -0.1 0.5)
(1.8 -0.1 0.5)
(1.9 -0.1 0.5)
(2 -0.1 0.5)
(2.1 -0.1 0.5)
(2.2 -0.1 0.5)
(2.3 -0.1 0.5)
(2.4 -0.1 0.5)
(2.5 -0.1 0.5)
(2.6 -0.1 0.5)
(2.7 -0.1 0.5)
(2.8 -0.1 0.5)
(2.9 -0.1 0.5)
(3 -0.1 0.5)
(3.1 -0.1 0.5)
(3.2 -0.1 0.5)
(3.3 -0.1 0.5)
(3.4 -0.1 0.5)
(3.5 -0.1 0.5)
(3.6 -0.1 0.5)
(3.7 -0.1 0.5)
(3.8 -0.1 0.5)
(3.9 -0.1 0.5)
(4 -0.1 0.5)
(4.1 -0.1 0.5)
(4.2 -0.1 0.5)
(4.3 -0.1 0.5)
(4.4 -0.1 0.5)
(4.5 -0.1 0.5)
(4.6 -0.1 0.5)
(4.7 -0.1 0.5)
(4.8 -0.1 0.5)
(4.9 -0.1 0.5)
(5 -0.1 0.5)
(5.1 -0.1 0.5)
(5.2 -0.1 0.5)
(5.3 -0.1 0.5)
(5.4 -0.1 0.5)
(5.5 -0.1 0.5)
(5.6 -0.1 0.5)
(5.7 -0.1 0.5)
(5.8 -0.1 0.5)
(5.9 -0.1 0.5)
(6 -0.1 0.5)
(6.1 -0.1 0.5)
(6.2 -0.1 0.5)
(6.3 -0.1 0.5)
(6.4 -0.1 0.5)
(6.5 -0.1 0.5)
(6.6 -0.1 0.5)
(6.7 -0.1 0.5)
(6.8 -0.1 0.5)
(6.9 -0.1 0.5)
(7 -0.1 0.5)
(7.1 -0.1 0.5)
(7.2 -0.1 0.5)
(7.3 -0.1 0.5)
(7.4 -0.1 0.5)
(7.5 -0.1 0.5)
(7.6 -0.1 0.5)
(7.7 -0.1 0.5)
(7.8 -0.1 0.5)
(7.9 -0.1 0.5)
(8 -0.1 0.5)
(8.1 -0.1 0.5)
(8.2 -0.1 0.5)
(8.3 -0.1 0.5)
(8.4 -0.1 0.5)
(8.5 -0.1 0.5)
(8.6 -0.1 0.5)
(8.7 -0.1 0.5)
(8.8 -0.1 0.5)
(8.9 -0.1 0.5)
(9 -0.1 0.5)
(9.1 -0.1 0.5)
(9.2 -0.1 0.5)
(9.3 -0.1 0.5)
(9.4 -0.1 0.5)
(9.5 -0.1 0.5)
(9.6 -0.1 0.5)
(9.7 -0.1 0.5)
(9.8 -0.1 0.5)
(9.9 -0.1 0.5)
(10 -0.1 0.5)
(1.1 0 0.5)
(1.2 0 0.5)
(1.3 0 0.5)
(1.4 0 0.5)
(1.5 0 0.5)
(1.6 0 0.5)
(1.7 0 0.5)
(1.8 0 0.5)
(1.9 0 0.5)
(2 0 0.5)
(2.1 0 0.5)
(2.2 0 0.5)
(2.3 0 0.5)
(2.4 0 0.5)
(2.5 0 0.5)
(2.6 0 0.5)
(2.7 0 0.5)
(2.8 0 0.5)
(2.9 0 0.5)
(3 0 0.5)
(3.1 0 0.5)
(3.2 0 0.5)
(3.3 0 0.5)
(3.4 0 0.5)
(3.5 0 0.5)
(3.6 0 0.5)
(3.7 0 0.5)
(3.8 0 0.5)
(3.9 0 0.5)
(4 0 0.5)
(4.1 0 0.5)
(4.2 0 0.5)
(4.3 0 0.5)
(4.4 0 0.5)
(4.5 0 0.5)
(4.6 0 0.5)
(4.7 0 0.5)
(4.8 0 0.5)
(4.9 0 0.5)
(5 0 0.5)
(5.1 0 0.5)
(5.2 0 0.5)
(5.3 0 0.5)
(5.4 0 0.5)
(5.5 0 0.5)
(5.6 0 0.5)
(5.7 0 0.5)
(5.8 0 0.5)
(5.9 0 0.5)
(6 0 0.5)
(6.1 0 0.5)
(6.2 0 0.5)
(6.3 0 0.5)
(6.4 0 0.5)
(6.5 0 0.5)
(6.6 0 0.5)
(6.7 0 0.5)
(6.8 0 0.5)
(6.9 0 0.5)
(7 0 0.5)
(7.1 0 0.5)
(7.2 0 0.5)
(7.3 0 0.5)
(7.4 0 0.5)
(7.5 0 0.5)
(7.6 0 0.5)
(7.7 0 0.5)
(7.8 0 0.5)
(7.9 0 0.5)
(8 0 0.5)
(8.1 0 0.5)
(8.2 0 0.5)
(8.3 0 0.5)
(8.4 0 0.5)
(8.5 0 0.5)
(8.6 0 0.5)
(8.7 0 0.5)
(8.8 0 0.5)
(8.9 0 0.5)
(9 0 0.5)
(9.1 0 0.5)
(9.2 0 0.5)
(9.3 0 0.5)
(9.4 0 0.5)
(9.5 0 0.5)
(9.6 0 0.5)
(9.7 0 0.5)
(9.8 0 0.5)
(9.9 0 0.5)
(10 0 0.5)
(1.1 0.1 -0.5)
(1.2 0.1 -0.5)
(1.3 0.1 -0.5)
(1.4 0.1 -0.5)
(1.5 0.1 -0.5)
(1.6 0.1 -0.5)
(1.7 0.1 -0.5)
(1.8 0.1 -0.5)
(1.9 0.1 -0.5)
(2 0.1 -0.5)
(2.1 0.1 -0.5)
(2.2 0.1 -0.5)
(2.3 0.1 -0.5)
(2.4 0.1 -0.5)
(2.5 0.1 -0.5)
(2.6 0.1 -0.5)
(2.7 0.1 -0.5)
(2.8 0.1 -0.5)
(2.9 0.1 -0.5)
(3 0.1 -0.5)
(3.1 0.1 -0.5)
(3.2 0.1 -0.5)
(3.3 0.1 -0.5)
(3.4 0.1 -0.5)
(3.5 0.1 -0.5)
(3.6 0.1 -0.5)
(3.7 0.1 -0.5)
(3.8 0.1 -0.5)
(3.9 0.1 -0.5)
(4 0.1 -0.5)
(4.1 0.1 -0.5)
(4.2 0.1 -0.5)
(4.3 0.1 -0.5)
(4.4 0.1 -0.5)
(4.5 0.1 -0.5)
(4.6 0.1 -0.5)
(4.7 0.1 -0.5)
(4.8 0.1 -0.5)
(4.9 0.1 -0.5)
(5 0.1 -0.5)
(5.1 0.1 -0.5)
(5.2 0.1 -0.5)
(5.3 0.1 -0.5)
(5.4 0.1 -0.5)
(5.5 0.1 -0.5)
(5.6 0.1 -0.5)
(5.7 0.1 -0.5)
(5.8 0.1 -0.5)
(5.9 0.1 -0.5)
(6 0.1 -0.5)
(6.1 0.1 -0.5)
(6.2 0.1 -0.5)
(6.3 0.1 -0.5)
(6.4 0.1 -0.5)
(6.5 0.1 -0.5)
(6.6 0.1 -0.5)
(6.7 0.1 -0.5)
(6.8 0.1 -0.5)
(6.9 0.1 -0.5)
(7 0.1 -0.5)
(7.1 0.1 -0.5)
(7.2 0.1 -0.5)
(7.3 0.1 -0.5)
(7.4 0.1 -0.5)
(7.5 0.1 -0.5)
(7.6 0.1 -0.5)
(7.7 0.1 -0.5)
(7.8 0.1 -0.5)
(7.9 0.1 -0.5)
(8 0.1 -0.5)
(8.1 0.1 -0.5)
(8.2 0.1 -0.5)
(8.3 0.1 -0.5)
(8.4 0.1 -0.5)
(8.5 0.1 -0.5)
(8.6 0.1 -0.5)
(8.7 0.1 -0.5)
(8.8 0.1 -0.5)
(8.9 0.1 -0.5)
(9 0.1 -0.5)
(9.1 0.1 -0.5)
(9.2 0.1 -0.5)
(9.3 0.1 -0.5)
(9.4 0.1 -0.5)
(9.5 0.1 -0.5)
(9.6 0.1 -0.5)
(9.7 0.1 -0.5)
(9.8 0.1 -0.5)
(9.9 0.1 -0.5)
(10 0.1 -0.5)
(1.1 0.2 -0.5)
(1.2 0.2 -0.5)
(1.3 0.2 -0.5)
(1.4 0.2 -0.5)
(1.5 0.2 -0.5)
(1.6 0.2 -0.5)
(1.7 0.2 -0.5)
(1.8 0.2 -0.5)
(1.9 0.2 -0.5)
(2 0.2 -0.5)
(2.1 0.2 -0.5)
(2.2 0.2 -0.5)
(2.3 0.2 -0.5)
(2.4 0.2 -0.5)
(2.5 0.2 -0.5)
(2.6 0.2 -0.5)
(2.7 0.2 -0.5)
(2.8 0.2 -0.5)
(2.9 0.2 -0.5)
(3 0.2 -0.5)
(3.1 0.2 -0.5)
(3.2 0.2 -0.5)
(3.3 0.2 -0.5)
(3.4 0.2 -0.5)
(3.5 0.2 -0.5)
(3.6 0.2 -0.5)
(3.7 0.2 -0.5)
(3.8 0.2 -0.5)
(3.9 0.2 -0.5)
(4 0.2 -0.5)
(4.1 0.2 -0.5)
(4.2 0.2 -0.5)
(4.3 0.2 -0.5)
(4.4 0.2 -0.5)
(4.5 0.2 -0.5)
(4.6 0.2 -0.5)
(4.7 0.2 -0.5)
(4.8 0.2 -0.5)
(4.9 0.2 -0.5)
(5 0.2 -0.5)
(5.1 0.2 -0.5)
(5.2 0.2 -0.5)
(5.3 0.2 -0.5)
(5.4 0.2 -0.5)
(5.5 0.2 -0.5)
(5.6 0.2 -0.5)
(5.7 0.2 -0.5)
(5.8 0.2 -0.5)
(5.9 0.2 -0.5)
(6 0.2 -0.5)
(6.1 0.2 -0.5)
(6.2 0.2 -0.5)
(6.3 0.2 -0.5)
(6.4 0.2 -0.5)
(6.5 0.2 -0.5)
(6.6 0.2 -0.5)
(6.7 0.2 -0.5)
(6.8 0.2 -0.5)
(6.9 0.2 -0.5)
(7 0.2 -0.5)
(7.1 0.2 -0.5)
(7.2 0.2 -0.5)
(7.3 0.2 -0.5)
(7.4 0.2 -0.5)
(7.5 0.2 -0.5)
(7.6 0.2 -0.5)
(7.7 0.2 -0.5)
(7.8 0.2 -0.5)
(7.9 0.2 -0.5)
(8 0.2 -0.5)
(8.1 0.2 -0.5)
(8.2 0.2 -0.5)
(8.3 0.2 -0.5)
(8.4 0.2 -0.5)
(8.5 0.2 -0.5)
(8.6 0.2 -0.5)
(8.7 0.2 -0.5)
(8.8 0.2 -0.5)
(8.9 0.2 -0.5)
(9 0.2 -0.5)
(9.1 0.2 -0.5)
(9.2 0.2 -0.5)
(9.3 0.2 -0.5)
(9.4 0.2 -0.5)
(9.5 0.2 -0.5)
(9.6 0.2 -0.5)
(9.7 0.2 -0.5)
(9.8 0.2 -0.5)
(9.9 0.2 -0.5)
(10 0.2 -0.5)
(1.1 0.3 -0.5)
(1.2 0.3 -0.5)
(1.3 0.3 -0.5)
(1.4 0.3 -0.5)
(1.5 0.3 -0.5)
(1.6 0.3 -0.5)
(1.7 0.3 -0.5)
(1.8 0.3 -0.5)
(1.9 0.3 -0.5)
(2 0.3 -0.5)
(2.1 0.3 -0.5)
(2.2 0.3 -0.5)
(2.3 0.3 -0.5)
(2.4 0.3 -0.5)
(2.5 0.3 -0.5)
(2.6 0.3 -0.5)
(2.7 0.3 -0.5)
(2.8 0.3 -0.5)
(2.9 0.3 -0.5)
(3 0.3 -0.5)
(3.1 0.3 -0.5)
(3.2 0.3 -0.5)
(3.3 0.3 -0.5)
(3.4 0.3 -0.5)
(3.5 0.3 -0.5)
(3.6 0.3 -0.5)
(3.7 0.3 -0.5)
(3.8 0.3 -0.5)
(3.9 0.3 -0.5)
(4 0.3 -0.5)
(4.1 0.3 -0.5)
(4.2 0.3 -0.5)
(4.3 0.3 -0.5)
(4.4 0.3 -0.5)
(4.5 0.3 -0.5)
(4.6 0.3 -0.5)
(4.7 0.3 -0.5)
(4.8 0.3 -0.5)
(4.9 0.3 -0.5)
(5 0.3 -0.5)
(5.1 0.3 -0.5)
(5.2 0.3 -0.5)
(5.3 0.3 -0.5)
(5.4 0.3 -0.5)
(5.5 0.3 -0.5)
(5.6 0.3 -0.5)
(5.7 0.3 -0.5)
(5.8 0.3 -0.5)
(5.9 0.3 -0.5)
(6 0.3 -0.5)
(6.1 0.3 -0.5)
(6.2 0.3 -0.5)
(6.3 0.3 -0.5)
(6.4 0.3 -0.5)
(6.5 0.3 -0.5)
(6.6 0.3 -0.5)
(6.7 0.3 -0.5)
(6.8 0.3 -0.5)
(6.9 0.3 -0.5)
(7 0.3 -0.5)
(7.1 0.3 -0.5)
(7.2 0.3 -0.5)
(7.3 0.3 -0.5)
(7.4 0.3 -0.5)
(7.5 0.3 -0.5)
(7.6 0.3 -0.5)
(7.7 0.3 -0.5)
(7.8 0.3 -0.5)
(7.9 0.3 -0.5)
(8 0.3 -0.5)
(8.1 0.3 -0.5)
(8.2 0.3 -0.5)
(8.3 0.3 -0.5)
(8.4 0.3 -0.5)
(8.5 0.3 -0.5)
(8.6 0.3 -0.5)
(8.7 0.3 -0.5)
(8.8 0.3 -0.5)
(8.9 0.3 -0.5)
(9 0.3 -0.5)
(9.1 0.3 -0.5)
(9.2 0.3 -0.5)
(9.3 0.3 -0.5)
(9.4 0.3 -0.5)
(9.5 0.3 -0.5)
(9.6 0.3 -0.5)
(9.7 0.3 -0.5)
(9.8 0.3 -0.5)
(9.9 0.3 -0.5)
(10 0.3 -0.5)
(1.1 0.4 -0.5)
(1.2 0.4 -0.5)
(1.3 0.4 -0.5)
(1.4 0.4 -0.5)
(1.5 0.4 -0.5)
(1.6 0.4 -0.5)
(1.7 0.4 -0.5)
(1.8 0.4 -0.5)
(1.9 0.4 -0.5)
(2 0.4 -0.5)
(2.1 0.4 -0.5)
(2.2 0.4 -0.5)
(2.3 0.4 -0.5)
(2.4 0.4 -0.5)
(2.5 0.4 -0.5)
(2.6 0.4 -0.5)
(2.7 0.4 -0.5)
(2.8 0.4 -0.5)
(2.9 0.4 -0.5)
(3 0.4 -0.5)
(3.1 0.4 -0.5)
(3.2 0.4 -0.5)
(3.3 0.4 -0.5)
(3.4 0.4 -0.5)
(3.5 0.4 -0.5)
(3.6 0.4 -0.5)
(3.7 0.4 -0.5)
(3.8 0.4 -0.5)
(3.9 0.4 -0.5)
(4 0.4 -0.5)
(4.1 0.4 -0.5)
(4.2 0.4 -0.5)
(4.3 0.4 -0.5)
(4.4 0.4 -0.5)
(4.5 0.4 -0.5)
(4.6 0.4 -0.5)
(4.7 0.4 -0.5)
(4.8 0.4 -0.5)
(4.9 0.4 -0.5)
(5 0.4 -0.5)
(5.1 0.4 -0.5)
(5.2 0.4 -0.5)
(5.3 0.4 -0.5)
(5.4 0.4 -0.5)
(5.5 0.4 -0.5)
(5.6 0.4 -0.5)
(5.7 0.4 -0.5)
(5.8 0.4 -0.5)
(5.9 0.4 -0.5)
(6 0.4 -0.5)
(6.1 0.4 -0.5)
(6.2 0.4 -0.5)
(6.3 0.4 -0.5)
(6.4 0.4 -0.5)
(6.5 0.4 -0.5)
(6.6 0.4 -0.5)
(6.7 0.4 -0.5)
(6.8 0.4 -0.5)
(6.9 0.4 -0.5)
(7 0.4 -0.5)
(7.1 0.4 -0.5)
(7.2 0.4 -0.5)
(7.3 0.4 -0.5)
(7.4 0.4 -0.5)
(7.5 0.4 -0.5)
(7.6 0.4 -0.5)
(7.7 0.4 -0.5)
(7.8 0.4 -0.5)
(7.9 0.4 -0.5)
(8 0.4 -0.5)
(8.1 0.4 -0.5)
(8.2 0.4 -0.5)
(8.3 0.4 -0.5)
(8.4 0.4 -0.5)
(8.5 0.4 -0.5)
(8.6 0.4 -0.5)
(8.7 0.4 -0.5)
(8.8 0.4 -0.5)
(8.9 0.4 -0.5)
(9 0.4 -0.5)
(9.1 0.4 -0.5)
(9.2 0.4 -0.5)
(9.3 0.4 -0.5)
(9.4 0.4 -0.5)
(9.5 0.4 -0.5)
(9.6 0.4 -0.5)
(9.7 0.4 -0.5)
(9.8 0.4 -0.5)
(9.9 0.4 -0.5)
(10 0.4 -0.5)
(1.1 0.5 -0.5)
(1.2 0.5 -0.5)
(1.3 0.5 -0.5)
(1.4 0.5 -0.5)
(1.5 0.5 -0.5)
(1.6 0.5 -0.5)
(1.7 0.5 -0.5)
(1.8 0.5 -0.5)
(1.9 0.5 -0.5)
(2 0.5 -0.5)
(2.1 0.5 -0.5)
(2.2 0.5 -0.5)
(2.3 0.5 -0.5)
(2.4 0.5 -0.5)
(2.5 0.5 -0.5)
(2.6 0.5 -0.5)
(2.7 0.5 -0.5)
(2.8 0.5 -0.5)
(2.9 0.5 -0.5)
(3 0.5 -0.5)
(3.1 0.5 -0.5)
(3.2 0.5 -0.5)
(3.3 0.5 -0.5)
(3.4 0.5 -0.5)
(3.5 0.5 -0.5)
(3.6 0.5 -0.5)
(3.7 0.5 -0.5)
(3.8 0.5 -0.5)
(3.9 0.5 -0.5)
(4 0.5 -0.5)
(4.1 0.5 -0.5)
(4.2 0.5 -0.5)
(4.3 0.5 -0.5)
(4.4 0.5 -0.5)
(4.5 0.5 -0.5)
(4.6 0.5 -0.5)
(4.7 0.5 -0.5)
(4.8 0.5 -0.5)
(4.9 0.5 -0.5)
(5 0.5 -0.5)
(5.1 0.5 -0.5)
(5.2 0.5 -0.5)
(5.3 0.5 -0.5)
(5.4 0.5 -0.5)
(5.5 0.5 -0.5)
(5.6 0.5 -0.5)
(5.7 0.5 -0.5)
(5.8 0.5 -0.5)
(5.9 0.5 -0.5)
(6 0.5 -0.5)
(6.1 0.5 -0.5)
(6.2 0.5 -0.5)
(6.3 0.5 -0.5)
(6.4 0.5 -0.5)
(6.5 0.5 -0.5)
(6.6 0.5 -0.5)
(6.7 0.5 -0.5)
(6.8 0.5 -0.5)
(6.9 0.5 -0.5)
(7 0.5 -0.5)
(7.1 0.5 -0.5)
(7.2 0.5 -0.5)
(7.3 0.5 -0.5)
(7.4 0.5 -0.5)
(7.5 0.5 -0.5)
(7.6 0.5 -0.5)
(7.7 0.5 -0.5)
(7.8 0.5 -0.5)
(7.9 0.5 -0.5)
(8 0.5 -0.5)
(8.1 0.5 -0.5)
(8.2 0.5 -0.5)
(8.3 0.5 -0.5)
(8.4 0.5 -0.5)
(8.5 0.5 -0.5)
(8.6 0.5 -0.5)
(8.7 0.5 -0.5)
(8.8 0.5 -0.5)
(8.9 0.5 -0.5)
(9 0.5 -0.5)
(9.1 0.5 -0.5)
(9.2 0.5 -0.5)
(9.3 0.5 -0.5)
(9.4 0.5 -0.5)
(9.5 0.5 -0.5)
(9.6 0.5 -0.5)
(9.7 0.5 -0.5)
(9.8 0.5 -0.5)
(9.9 0.5 -0.5)
(10 0.5 -0.5)
(1.1 0.6 -0.5)
(1.2 0.6 -0.5)
(1.3 0.6 -0.5)
(1.4 0.6 -0.5)
(1.5 0.6 -0.5)
(1.6 0.6 -0.5)
(1.7 0.6 -0.5)
(1.8 0.6 -0.5)
(1.9 0.6 -0.5)
(2 0.6 -0.5)
(2.1 0.6 -0.5)
(2.2 0.6 -0.5)
(2.3 0.6 -0.5)
(2.4 0.6 -0.5)
(2.5 0.6 -0.5)
(2.6 0.6 -0.5)
(2.7 0.6 -0.5)
(2.8 0.6 -0.5)
(2.9 0.6 -0.5)
(3 0.6 -0.5)
(3.1 0.6 -0.5)
(3.2 0.6 -0.5)
(3.3 0.6 -0.5)
(3.4 0.6 -0.5)
(3.5 0.6 -0.5)
(3.6 0.6 -0.5)
(3.7 0.6 -0.5)
(3.8 0.6 -0.5)
(3.9 0.6 -0.5)
(4 0.6 -0.5)
(4.1 0.6 -0.5)
(4.2 0.6 -0.5)
(4.3 0.6 -0.5)
(4.4 0.6 -0.5)
(4.5 0.6 -0.5)
(4.6 0.6 -0.5)
(4.7 0.6 -0.5)
(4.8 0.6 -0.5)
(4.9 0.6 -0.5)
(5 0.6 -0.5)
(5.1 0.6 -0.5)
(5.2 0.6 -0.5)
(5.3 0.6 -0.5)
(5.4 0.6 -0.5)
(5.5 0.6 -0.5)
(5.6 0.6 -0.5)
(5.7 0.6 -0.5)
(5.8 0.6 -0.5)
(5.9 0.6 -0.5)
(6 0.6 -0.5)
(6.1 0.6 -0.5)
(6.2 0.6 -0.5)
(6.3 0.6 -0.5)
(6.4 0.6 -0.5)
(6.5 0.6 -0.5)
(6.6 0.6 -0.5)
(6.7 0.6 -0.5)
(6.8 0.6 -0.5)
(6.9 0.6 -0.5)
(7 0.6 -0.5)
(7.1 0.6 -0.5)
(7.2 0.6 -0.5)
(7.3 0.6 -0.5)
(7.4 0.6 -0.5)
(7.5 0.6 -0.5)
(7.6 0.6 -0.5)
(7.7 0.6 -0.5)
(7.8 0.6 -0.5)
(7.9 0.6 -0.5)
(8 0.6 -0.5)
(8.1 0.6 -0.5)
(8.2 0.6 -0.5)
(8.3 0.6 -0.5)
(8.4 0.6 -0.5)
(8.5 0.6 -0.5)
(8.6 0.6 -0.5)
(8.7 0.6 -0.5)
(8.8 0.6 -0.5)
(8.9 0.6 -0.5)
(9 0.6 -0.5)
(9.1 0.6 -0.5)
(9.2 0.6 -0.5)
(9.3 0.6 -0.5)
(9.4 0.6 -0.5)
(9.5 0.6 -0.5)
(9.6 0.6 -0.5)
(9.7 0.6 -0.5)
(9.8 0.6 -0.5)
(9.9 0.6 -0.5)
(10 0.6 -0.5)
(1.1 0.7 -0.5)
(1.2 0.7 -0.5)
(1.3 0.7 -0.5)
(1.4 0.7 -0.5)
(1.5 0.7 -0.5)
(1.6 0.7 -0.5)
(1.7 0.7 -0.5)
(1.8 0.7 -0.5)
(1.9 0.7 -0.5)
(2 0.7 -0.5)
(2.1 0.7 -0.5)
(2.2 0.7 -0.5)
(2.3 0.7 -0.5)
(2.4 0.7 -0.5)
(2.5 0.7 -0.5)
(2.6 0.7 -0.5)
(2.7 0.7 -0.5)
(2.8 0.7 -0.5)
(2.9 0.7 -0.5)
(3 0.7 -0.5)
(3.1 0.7 -0.5)
(3.2 0.7 -0.5)
(3.3 0.7 -0.5)
(3.4 0.7 -0.5)
(3.5 0.7 -0.5)
(3.6 0.7 -0.5)
(3.7 0.7 -0.5)
(3.8 0.7 -0.5)
(3.9 0.7 -0.5)
(4 0.7 -0.5)
(4.1 0.7 -0.5)
(4.2 0.7 -0.5)
(4.3 0.7 -0.5)
(4.4 0.7 -0.5)
(4.5 0.7 -0.5)
(4.6 0.7 -0.5)
(4.7 0.7 -0.5)
(4.8 0.7 -0.5)
(4.9 0.7 -0.5)
(5 0.7 -0.5)
(5.1 0.7 -0.5)
(5.2 0.7 -0.5)
(5.3 0.7 -0.5)
(5.4 0.7 -0.5)
(5.5 0.7 -0.5)
(5.6 0.7 -0.5)
(5.7 0.7 -0.5)
(5.8 0.7 -0.5)
(5.9 0.7 -0.5)
(6 0.7 -0.5)
(6.1 0.7 -0.5)
(6.2 0.7 -0.5)
(6.3 0.7 -0.5)
(6.4 0.7 -0.5)
(6.5 0.7 -0.5)
(6.6 0.7 -0.5)
(6.7 0.7 -0.5)
(6.8 0.7 -0.5)
(6.9 0.7 -0.5)
(7 0.7 -0.5)
(7.1 0.7 -0.5)
(7.2 0.7 -0.5)
(7.3 0.7 -0.5)
(7.4 0.7 -0.5)
(7.5 0.7 -0.5)
(7.6 0.7 -0.5)
(7.7 0.7 -0.5)
(7.8 0.7 -0.5)
(7.9 0.7 -0.5)
(8 0.7 -0.5)
(8.1 0.7 -0.5)
(8.2 0.7 -0.5)
(8.3 0.7 -0.5)
(8.4 0.7 -0.5)
(8.5 0.7 -0.5)
(8.6 0.7 -0.5)
(8.7 0.7 -0.5)
(8.8 0.7 -0.5)
(8.9 0.7 -0.5)
(9 0.7 -0.5)
(9.1 0.7 -0.5)
(9.2 0.7 -0.5)
(9.3 0.7 -0.5)
(9.4 0.7 -0.5)
(9.5 0.7 -0.5)
(9.6 0.7 -0.5)
(9.7 0.7 -0.5)
(9.8 0.7 -0.5)
(9.9 0.7 -0.5)
(10 0.7 -0.5)
(1.1 0.8 -0.5)
(1.2 0.8 -0.5)
(1.3 0.8 -0.5)
(1.4 0.8 -0.5)
(1.5 0.8 -0.5)
(1.6 0.8 -0.5)
(1.7 0.8 -0.5)
(1.8 0.8 -0.5)
(1.9 0.8 -0.5)
(2 0.8 -0.5)
(2.1 0.8 -0.5)
(2.2 0.8 -0.5)
(2.3 0.8 -0.5)
(2.4 0.8 -0.5)
(2.5 0.8 -0.5)
(2.6 0.8 -0.5)
(2.7 0.8 -0.5)
(2.8 0.8 -0.5)
(2.9 0.8 -0.5)
(3 0.8 -0.5)
(3.1 0.8 -0.5)
(3.2 0.8 -0.5)
(3.3 0.8 -0.5)
(3.4 0.8 -0.5)
(3.5 0.8 -0.5)
(3.6 0.8 -0.5)
(3.7 0.8 -0.5)
(3.8 0.8 -0.5)
(3.9 0.8 -0.5)
(4 0.8 -0.5)
(4.1 0.8 -0.5)
(4.2 0.8 -0.5)
(4.3 0.8 -0.5)
(4.4 0.8 -0.5)
(4.5 0.8 -0.5)
(4.6 0.8 -0.5)
(4.7 0.8 -0.5)
(4.8 0.8 -0.5)
(4.9 0.8 -0.5)
(5 0.8 -0.5)
(5.1 0.8 -0.5)
(5.2 0.8 -0.5)
(5.3 0.8 -0.5)
(5.4 0.8 -0.5)
(5.5 0.8 -0.5)
(5.6 0.8 -0.5)
(5.7 0.8 -0.5)
(5.8 0.8 -0.5)
(5.9 0.8 -0.5)
(6 0.8 -0.5)
(6.1 0.8 -0.5)
(6.2 0.8 -0.5)
(6.3 0.8 -0.5)
(6.4 0.8 -0.5)
(6.5 0.8 -0.5)
(6.6 0.8 -0.5)
(6.7 0.8 -0.5)
(6.8 0.8 -0.5)
(6.9 0.8 -0.5)
(7 0.8 -0.5)
(7.1 0.8 -0.5)
(7.2 0.8 -0.5)
(7.3 0.8 -0.5)
(7.4 0.8 -0.5)
(7.5 0.8 -0.5)
(7.6 0.8 -0.5)
(7.7 0.8 -0.5)
(7.8 0.8 -0.5)
(7.9 0.8 -0.5)
(8 0.8 -0.5)
(8.1 0.8 -0.5)
(8.2 0.8 -0.5)
(8.3 0.8 -0.5)
(8.4 0.8 -0.5)
(8.5 0.8 -0.5)
(8.6 0.8 -0.5)
(8.7 0.8 -0.5)
(8.8 0.8 -0.5)
(8.9 0.8 -0.5)
(9 0.8 -0.5)
(9.1 0.8 -0.5)
(9.2 0.8 -0.5)
(9.3 0.8 -0.5)
(9.4 0.8 -0.5)
(9.5 0.8 -0.5)
(9.6 0.8 -0.5)
(9.7 0.8 -0.5)
(9.8 0.8 -0.5)
(9.9 0.8 -0.5)
(10 0.8 -0.5)
(1.1 0.9 -0.5)
(1.2 0.9 -0.5)
(1.3 0.9 -0.5)
(1.4 0.9 -0.5)
(1.5 0.9 -0.5)
(1.6 0.9 -0.5)
(1.7 0.9 -0.5)
(1.8 0.9 -0.5)
(1.9 0.9 -0.5)
(2 0.9 -0.5)
(2.1 0.9 -0.5)
(2.2 0.9 -0.5)
(2.3 0.9 -0.5)
(2.4 0.9 -0.5)
(2.5 0.9 -0.5)
(2.6 0.9 -0.5)
(2.7 0.9 -0.5)
(2.8 0.9 -0.5)
(2.9 0.9 -0.5)
(3 0.9 -0.5)
(3.1 0.9 -0.5)
(3.2 0.9 -0.5)
(3.3 0.9 -0.5)
(3.4 0.9 -0.5)
(3.5 0.9 -0.5)
(3.6 0.9 -0.5)
(3.7 0.9 -0.5)
(3.8 0.9 -0.5)
(3.9 0.9 -0.5)
(4 0.9 -0.5)
(4.1 0.9 -0.5)
(4.2 0.9 -0.5)
(4.3 0.9 -0.5)
(4.4 0.9 -0.5)
(4.5 0.9 -0.5)
(4.6 0.9 -0.5)
(4.7 0.9 -0.5)
(4.8 0.9 -0.5)
(4.9 0.9 -0.5)
(5 0.9 -0.5)
(5.1 0.9 -0.5)
(5.2 0.9 -0.5)
(5.3 0.9 -0.5)
(5.4 0.9 -0.5)
(5.5 0.9 -0.5)
(5.6 0.9 -0.5)
(5.7 0.9 -0.5)
(5.8 0.9 -0.5)
(5.9 0.9 -0.5)
(6 0.9 -0.5)
(6.1 0.9 -0.5)
(6.2 0.9 -0.5)
(6.3 0.9 -0.5)
(6.4 0.9 -0.5)
(6.5 0.9 -0.5)
(6.6 0.9 -0.5)
(6.7 0.9 -0.5)
(6.8 0.9 -0.5)
(6.9 0.9 -0.5)
(7 0.9 -0.5)
(7.1 0.9 -0.5)
(7.2 0.9 -0.5)
(7.3 0.9 -0.5)
(7.4 0.9 -0.5)
(7.5 0.9 -0.5)
(7.6 0.9 -0.5)
(7.7 0.9 -0.5)
(7.8 0.9 -0.5)
(7.9 0.9 -0.5)
(8 0.9 -0.5)
(8.1 0.9 -0.5)
(8.2 0.9 -0.5)
(8.3 0.9 -0.5)
(8.4 0.9 -0.5)
(8.5 0.9 -0.5)
(8.6 0.9 -0.5)
(8.7 0.9 -0.5)
(8.8 0.9 -0.5)
(8.9 0.9 -0.5)
(9 0.9 -0.5)
(9.1 0.9 -0.5)
(9.2 0.9 -0.5)
(9.3 0.9 -0.5)
(9.4 0.9 -0.5)
(9.5 0.9 -0.5)
(9.6 0.9 -0.5)
(9.7 0.9 -0.5)
(9.8 0.9 -0.5)
(9.9 0.9 -0.5)
(10 0.9 -0.5)
(1.1 1 -0.5)
(1.2 1 -0.5)
(1.3 1 -0.5)
(1.4 1 -0.5)
(1.5 1 -0.5)
(1.6 1 -0.5)
(1.7 1 -0.5)
(1.8 1 -0.5)
(1.9 1 -0.5)
(2 1 -0.5)
(2.1 1 -0.5)
(2.2 1 -0.5)
(2.3 1 -0.5)
(2.4 1 -0.5)
(2.5 1 -0.5)
(2.6 1 -0.5)
(2.7 1 -0.5)
(2.8 1 -0.5)
(2.9 1 -0.5)
(3 1 -0.5)
(3.1 1 -0.5)
(3.2 1 -0.5)
(3.3 1 -0.5)
(3.4 1 -0.5)
(3.5 1 -0.5)
(3.6 1 -0.5)
(3.7 1 -0.5)
(3.8 1 -0.5)
(3.9 1 -0.5)
(4 1 -0.5)
(4.1 1 -0.5)
(4.2 1 -0.5)
(4.3 1 -0.5)
(4.4 1 -0.5)
(4.5 1 -0.5)
(4.6 1 -0.5)
(4.7 1 -0.5)
(4.8 1 -0.5)
(4.9 1 -0.5)
(5 1 -0.5)
(5.1 1 -0.5)
(5.2 1 -0.5)
(5.3 1 -0.5)
(5.4 1 -0.5)
(5.5 1 -0.5)
(5.6 1 -0.5)
(5.7 1 -0.5)
(5.8 1 -0.5)
(5.9 1 -0.5)
(6 1 -0.5)
(6.1 1 -0.5)
(6.2 1 -0.5)
(6.3 1 -0.5)
(6.4 1 -0.5)
(6.5 1 -0.5)
(6.6 1 -0.5)
(6.7 1 -0.5)
(6.8 1 -0.5)
(6.9 1 -0.5)
(7 1 -0.5)
(7.1 1 -0.5)
(7.2 1 -0.5)
(7.3 1 -0.5)
(7.4 1 -0.5)
(7.5 1 -0.5)
(7.6 1 -0.5)
(7.7 1 -0.5)
(7.8 1 -0.5)
(7.9 1 -0.5)
(8 1 -0.5)
(8.1 1 -0.5)
(8.2 1 -0.5)
(8.3 1 -0.5)
(8.4 1 -0.5)
(8.5 1 -0.5)
(8.6 1 -0.5)
(8.7 1 -0.5)
(8.8 1 -0.5)
(8.9 1 -0.5)
(9 1 -0.5)
(9.1 1 -0.5)
(9.2 1 -0.5)
(9.3 1 -0.5)
(9.4 1 -0.5)
(9.5 1 -0.5)
(9.6 1 -0.5)
(9.7 1 -0.5)
(9.8 1 -0.5)
(9.9 1 -0.5)
(10 1 -0.5)
(1.1 0.1 0.5)
(1.2 0.1 0.5)
(1.3 0.1 0.5)
(1.4 0.1 0.5)
(1.5 0.1 0.5)
(1.6 0.1 0.5)
(1.7 0.1 0.5)
(1.8 0.1 0.5)
(1.9 0.1 0.5)
(2 0.1 0.5)
(2.1 0.1 0.5)
(2.2 0.1 0.5)
(2.3 0.1 0.5)
(2.4 0.1 0.5)
(2.5 0.1 0.5)
(2.6 0.1 0.5)
(2.7 0.1 0.5)
(2.8 0.1 0.5)
(2.9 0.1 0.5)
(3 0.1 0.5)
(3.1 0.1 0.5)
(3.2 0.1 0.5)
(3.3 0.1 0.5)
(3.4 0.1 0.5)
(3.5 0.1 0.5)
(3.6 0.1 0.5)
(3.7 0.1 0.5)
(3.8 0.1 0.5)
(3.9 0.1 0.5)
(4 0.1 0.5)
(4.1 0.1 0.5)
(4.2 0.1 0.5)
(4.3 0.1 0.5)
(4.4 0.1 0.5)
(4.5 0.1 0.5)
(4.6 0.1 0.5)
(4.7 0.1 0.5)
(4.8 0.1 0.5)
(4.9 0.1 0.5)
(5 0.1 0.5)
(5.1 0.1 0.5)
(5.2 0.1 0.5)
(5.3 0.1 0.5)
(5.4 0.1 0.5)
(5.5 0.1 0.5)
(5.6 0.1 0.5)
(5.7 0.1 0.5)
(5.8 0.1 0.5)
(5.9 0.1 0.5)
(6 0.1 0.5)
(6.1 0.1 0.5)
(6.2 0.1 0.5)
(6.3 0.1 0.5)
(6.4 0.1 0.5)
(6.5 0.1 0.5)
(6.6 0.1 0.5)
(6.7 0.1 0.5)
(6.8 0.1 0.5)
(6.9 0.1 0.5)
(7 0.1 0.5)
(7.1 0.1 0.5)
(7.2 0.1 0.5)
(7.3 0.1 0.5)
(7.4 0.1 0.5)
(7.5 0.1 0.5)
(7.6 0.1 0.5)
(7.7 0.1 0.5)
(7.8 0.1 0.5)
(7.9 0.1 0.5)
(8 0.1 0.5)
(8.1 0.1 0.5)
(8.2 0.1 0.5)
(8.3 0.1 0.5)
(8.4 0.1 0.5)
(8.5 0.1 0.5)
(8.6 0.1 0.5)
(8.7 0.1 0.5)
(8.8 0.1 0.5)
(8.9 0.1 0.5)
(9 0.1 0.5)
(9.1 0.1 0.5)
(9.2 0.1 0.5)
(9.3 0.1 0.5)
(9.4 0.1 0.5)
(9.5 0.1 0.5)
(9.6 0.1 0.5)
(9.7 0.1 0.5)
(9.8 0.1 0.5)
(9.9 0.1 0.5)
(10 0.1 0.5)
(1.1 0.2 0.5)
(1.2 0.2 0.5)
(1.3 0.2 0.5)
(1.4 0.2 0.5)
(1.5 0.2 0.5)
(1.6 0.2 0.5)
(1.7 0.2 0.5)
(1.8 0.2 0.5)
(1.9 0.2 0.5)
(2 0.2 0.5)
(2.1 0.2 0.5)
(2.2 0.2 0.5)
(2.3 0.2 0.5)
(2.4 0.2 0.5)
(2.5 0.2 0.5)
(2.6 0.2 0.5)
(2.7 0.2 0.5)
(2.8 0.2 0.5)
(2.9 0.2 0.5)
(3 0.2 0.5)
(3.1 0.2 0.5)
(3.2 0.2 0.5)
(3.3 0.2 0.5)
(3.4 0.2 0.5)
(3.5 0.2 0.5)
(3.6 0.2 0.5)
(3.7 0.2 0.5)
(3.8 0.2 0.5)
(3.9 0.2 0.5)
(4 0.2 0.5)
(4.1 0.2 0.5)
(4.2 0.2 0.5)
(4.3 0.2 0.5)
(4.4 0.2 0.5)
(4.5 0.2 0.5)
(4.6 0.2 0.5)
(4.7 0.2 0.5)
(4.8 0.2 0.5)
(4.9 0.2 0.5)
(5 0.2 0.5)
(5.1 0.2 0.5)
(5.2 0.2 0.5)
(5.3 0.2 0.5)
(5.4 0.2 0.5)
(5.5 0.2 0.5)
(5.6 0.2 0.5)
(5.7 0.2 0.5)
(5.8 0.2 0.5)
(5.9 0.2 0.5)
(6 0.2 0.5)
(6.1 0.2 0.5)
(6.2 0.2 0.5)
(6.3 0.2 0.5)
(6.4 0.2 0.5)
(6.5 0.2 0.5)
(6.6 0.2 0.5)
(6.7 0.2 0.5)
(6.8 0.2 0.5)
(6.9 0.2 0.5)
(7 0.2 0.5)
(7.1 0.2 0.5)
(7.2 0.2 0.5)
(7.3 0.2 0.5)
(7.4 0.2 0.5)
(7.5 0.2 0.5)
(7.6 0.2 0.5)
(7.7 0.2 0.5)
(7.8 0.2 0.5)
(7.9 0.2 0.5)
(8 0.2 0.5)
(8.1 0.2 0.5)
(8.2 0.2 0.5)
(8.3 0.2 0.5)
(8.4 0.2 0.5)
(8.5 0.2 0.5)
(8.6 0.2 0.5)
(8.7 0.2 0.5)
(8.8 0.2 0.5)
(8.9 0.2 0.5)
(9 0.2 0.5)
(9.1 0.2 0.5)
(9.2 0.2 0.5)
(9.3 0.2 0.5)
(9.4 0.2 0.5)
(9.5 0.2 0.5)
(9.6 0.2 0.5)
(9.7 0.2 0.5)
(9.8 0.2 0.5)
(9.9 0.2 0.5)
(10 0.2 0.5)
(1.1 0.3 0.5)
(1.2 0.3 0.5)
(1.3 0.3 0.5)
(1.4 0.3 0.5)
(1.5 0.3 0.5)
(1.6 0.3 0.5)
(1.7 0.3 0.5)
(1.8 0.3 0.5)
(1.9 0.3 0.5)
(2 0.3 0.5)
(2.1 0.3 0.5)
(2.2 0.3 0.5)
(2.3 0.3 0.5)
(2.4 0.3 0.5)
(2.5 0.3 0.5)
(2.6 0.3 0.5)
(2.7 0.3 0.5)
(2.8 0.3 0.5)
(2.9 0.3 0.5)
(3 0.3 0.5)
(3.1 0.3 0.5)
(3.2 0.3 0.5)
(3.3 0.3 0.5)
(3.4 0.3 0.5)
(3.5 0.3 0.5)
(3.6 0.3 0.5)
(3.7 0.3 0.5)
(3.8 0.3 0.5)
(3.9 0.3 0.5)
(4 0.3 0.5)
(4.1 0.3 0.5)
(4.2 0.3 0.5)
(4.3 0.3 0.5)
(4.4 0.3 0.5)
(4.5 0.3 0.5)
(4.6 0.3 0.5)
(4.7 0.3 0.5)
(4.8 0.3 0.5)
(4.9 0.3 0.5)
(5 0.3 0.5)
(5.1 0.3 0.5)
(5.2 0.3 0.5)
(5.3 0.3 0.5)
(5.4 0.3 0.5)
(5.5 0.3 0.5)
(5.6 0.3 0.5)
(5.7 0.3 0.5)
(5.8 0.3 0.5)
(5.9 0.3 0.5)
(6 0.3 0.5)
(6.1 0.3 0.5)
(6.2 0.3 0.5)
(6.3 0.3 0.5)
(6.4 0.3 0.5)
(6.5 0.3 0.5)
(6.6 0.3 0.5)
(6.7 0.3 0.5)
(6.8 0.3 0.5)
(6.9 0.3 0.5)
(7 0.3 0.5)
(7.1 0.3 0.5)
(7.2 0.3 0.5)
(7.3 0.3 0.5)
(7.4 0.3 0.5)
(7.5 0.3 0.5)
(7.6 0.3 0.5)
(7.7 0.3 0.5)
(7.8 0.3 0.5)
(7.9 0.3 0.5)
(8 0.3 0.5)
(8.1 0.3 0.5)
(8.2 0.3 0.5)
(8.3 0.3 0.5)
(8.4 0.3 0.5)
(8.5 0.3 0.5)
(8.6 0.3 0.5)
(8.7 0.3 0.5)
(8.8 0.3 0.5)
(8.9 0.3 0.5)
(9 0.3 0.5)
(9.1 0.3 0.5)
(9.2 0.3 0.5)
(9.3 0.3 0.5)
(9.4 0.3 0.5)
(9.5 0.3 0.5)
(9.6 0.3 0.5)
(9.7 0.3 0.5)
(9.8 0.3 0.5)
(9.9 0.3 0.5)
(10 0.3 0.5)
(1.1 0.4 0.5)
(1.2 0.4 0.5)
(1.3 0.4 0.5)
(1.4 0.4 0.5)
(1.5 0.4 0.5)
(1.6 0.4 0.5)
(1.7 0.4 0.5)
(1.8 0.4 0.5)
(1.9 0.4 0.5)
(2 0.4 0.5)
(2.1 0.4 0.5)
(2.2 0.4 0.5)
(2.3 0.4 0.5)
(2.4 0.4 0.5)
(2.5 0.4 0.5)
(2.6 0.4 0.5)
(2.7 0.4 0.5)
(2.8 0.4 0.5)
(2.9 0.4 0.5)
(3 0.4 0.5)
(3.1 0.4 0.5)
(3.2 0.4 0.5)
(3.3 0.4 0.5)
(3.4 0.4 0.5)
(3.5 0.4 0.5)
(3.6 0.4 0.5)
(3.7 0.4 0.5)
(3.8 0.4 0.5)
(3.9 0.4 0.5)
(4 0.4 0.5)
(4.1 0.4 0.5)
(4.2 0.4 0.5)
(4.3 0.4 0.5)
(4.4 0.4 0.5)
(4.5 0.4 0.5)
(4.6 0.4 0.5)
(4.7 0.4 0.5)
(4.8 0.4 0.5)
(4.9 0.4 0.5)
(5 0.4 0.5)
(5.1 0.4 0.5)
(5.2 0.4 0.5)
(5.3 0.4 0.5)
(5.4 0.4 0.5)
(5.5 0.4 0.5)
(5.6 0.4 0.5)
(5.7 0.4 0.5)
(5.8 0.4 0.5)
(5.9 0.4 0.5)
(6 0.4 0.5)
(6.1 0.4 0.5)
(6.2 0.4 0.5)
(6.3 0.4 0.5)
(6.4 0.4 0.5)
(6.5 0.4 0.5)
(6.6 0.4 0.5)
(6.7 0.4 0.5)
(6.8 0.4 0.5)
(6.9 0.4 0.5)
(7 0.4 0.5)
(7.1 0.4 0.5)
(7.2 0.4 0.5)
(7.3 0.4 0.5)
(7.4 0.4 0.5)
(7.5 0.4 0.5)
(7.6 0.4 0.5)
(7.7 0.4 0.5)
(7.8 0.4 0.5)
(7.9 0.4 0.5)
(8 0.4 0.5)
(8.1 0.4 0.5)
(8.2 0.4 0.5)
(8.3 0.4 0.5)
(8.4 0.4 0.5)
(8.5 0.4 0.5)
(8.6 0.4 0.5)
(8.7 0.4 0.5)
(8.8 0.4 0.5)
(8.9 0.4 0.5)
(9 0.4 0.5)
(9.1 0.4 0.5)
(9.2 0.4 0.5)
(9.3 0.4 0.5)
(9.4 0.4 0.5)
(9.5 0.4 0.5)
(9.6 0.4 0.5)
(9.7 0.4 0.5)
(9.8 0.4 0.5)
(9.9 0.4 0.5)
(10 0.4 0.5)
(1.1 0.5 0.5)
(1.2 0.5 0.5)
(1.3 0.5 0.5)
(1.4 0.5 0.5)
(1.5 0.5 0.5)
(1.6 0.5 0.5)
(1.7 0.5 0.5)
(1.8 0.5 0.5)
(1.9 0.5 0.5)
(2 0.5 0.5)
(2.1 0.5 0.5)
(2.2 0.5 0.5)
(2.3 0.5 0.5)
(2.4 0.5 0.5)
(2.5 0.5 0.5)
(2.6 0.5 0.5)
(2.7 0.5 0.5)
(2.8 0.5 0.5)
(2.9 0.5 0.5)
(3 0.5 0.5)
(3.1 0.5 0.5)
(3.2 0.5 0.5)
(3.3 0.5 0.5)
(3.4 0.5 0.5)
(3.5 0.5 0.5)
(3.6 0.5 0.5)
(3.7 0.5 0.5)
(3.8 0.5 0.5)
(3.9 0.5 0.5)
(4 0.5 0.5)
(4.1 0.5 0.5)
(4.2 0.5 0.5)
(4.3 0.5 0.5)
(4.4 0.5 0.5)
(4.5 0.5 0.5)
(4.6 0.5 0.5)
(4.7 0.5 0.5)
(4.8 0.5 0.5)
(4.9 0.5 0.5)
(5 0.5 0.5)
(5.1 0.5 0.5)
(5.2 0.5 0.5)
(5.3 0.5 0.5)
(5.4 0.5 0.5)
(5.5 0.5 0.5)
(5.6 0.5 0.5)
(5.7 0.5 0.5)
(5.8 0.5 0.5)
(5.9 0.5 0.5)
(6 0.5 0.5)
(6.1 0.5 0.5)
(6.2 0.5 0.5)
(6.3 0.5 0.5)
(6.4 0.5 0.5)
(6.5 0.5 0.5)
(6.6 0.5 0.5)
(6.7 0.5 0.5)
(6.8 0.5 0.5)
(6.9 0.5 0.5)
(7 0.5 0.5)
(7.1 0.5 0.5)
(7.2 0.5 0.5)
(7.3 0.5 0.5)
(7.4 0.5 0.5)
(7.5 0.5 0.5)
(7.6 0.5 0.5)
(7.7 0.5 0.5)
(7.8 0.5 0.5)
(7.9 0.5 0.5)
(8 0.5 0.5)
(8.1 0.5 0.5)
(8.2 0.5 0.5)
(8.3 0.5 0.5)
(8.4 0.5 0.5)
(8.5 0.5 0.5)
(8.6 0.5 0.5)
(8.7 0.5 0.5)
(8.8 0.5 0.5)
(8.9 0.5 0.5)
(9 0.5 0.5)
(9.1 0.5 0.5)
(9.2 0.5 0.5)
(9.3 0.5 0.5)
(9.4 0.5 0.5)
(9.5 0.5 0.5)
(9.6 0.5 0.5)
(9.7 0.5 0.5)
(9.8 0.5 0.5)
(9.9 0.5 0.5)
(10 0.5 0.5)
(1.1 0.6 0.5)
(1.2 0.6 0.5)
(1.3 0.6 0.5)
(1.4 0.6 0.5)
(1.5 0.6 0.5)
(1.6 0.6 0.5)
(1.7 0.6 0.5)
(1.8 0.6 0.5)
(1.9 0.6 0.5)
(2 0.6 0.5)
(2.1 0.6 0.5)
(2.2 0.6 0.5)
(2.3 0.6 0.5)
(2.4 0.6 0.5)
(2.5 0.6 0.5)
(2.6 0.6 0.5)
(2.7 0.6 0.5)
(2.8 0.6 0.5)
(2.9 0.6 0.5)
(3 0.6 0.5)
(3.1 0.6 0.5)
(3.2 0.6 0.5)
(3.3 0.6 0.5)
(3.4 0.6 0.5)
(3.5 0.6 0.5)
(3.6 0.6 0.5)
(3.7 0.6 0.5)
(3.8 0.6 0.5)
(3.9 0.6 0.5)
(4 0.6 0.5)
(4.1 0.6 0.5)
(4.2 0.6 0.5)
(4.3 0.6 0.5)
(4.4 0.6 0.5)
(4.5 0.6 0.5)
(4.6 0.6 0.5)
(4.7 0.6 0.5)
(4.8 0.6 0.5)
(4.9 0.6 0.5)
(5 0.6 0.5)
(5.1 0.6 0.5)
(5.2 0.6 0.5)
(5.3 0.6 0.5)
(5.4 0.6 0.5)
(5.5 0.6 0.5)
(5.6 0.6 0.5)
(5.7 0.6 0.5)
(5.8 0.6 0.5)
(5.9 0.6 0.5)
(6 0.6 0.5)
(6.1 0.6 0.5)
(6.2 0.6 0.5)
(6.3 0.6 0.5)
(6.4 0.6 0.5)
(6.5 0.6 0.5)
(6.6 0.6 0.5)
(6.7 0.6 0.5)
(6.8 0.6 0.5)
(6.9 0.6 0.5)
(7 0.6 0.5)
(7.1 0.6 0.5)
(7.2 0.6 0.5)
(7.3 0.6 0.5)
(7.4 0.6 0.5)
(7.5 0.6 0.5)
(7.6 0.6 0.5)
(7.7 0.6 0.5)
(7.8 0.6 0.5)
(7.9 0.6 0.5)
(8 0.6 0.5)
(8.1 0.6 0.5)
(8.2 0.6 0.5)
(8.3 0.6 0.5)
(8.4 0.6 0.5)
(8.5 0.6 0.5)
(8.6 0.6 0.5)
(8.7 0.6 0.5)
(8.8 0.6 0.5)
(8.9 0.6 0.5)
(9 0.6 0.5)
(9.1 0.6 0.5)
(9.2 0.6 0.5)
(9.3 0.6 0.5)
(9.4 0.6 0.5)
(9.5 0.6 0.5)
(9.6 0.6 0.5)
(9.7 0.6 0.5)
(9.8 0.6 0.5)
(9.9 0.6 0.5)
(10 0.6 0.5)
(1.1 0.7 0.5)
(1.2 0.7 0.5)
(1.3 0.7 0.5)
(1.4 0.7 0.5)
(1.5 0.7 0.5)
(1.6 0.7 0.5)
(1.7 0.7 0.5)
(1.8 0.7 0.5)
(1.9 0.7 0.5)
(2 0.7 0.5)
(2.1 0.7 0.5)
(2.2 0.7 0.5)
(2.3 0.7 0.5)
(2.4 0.7 0.5)
(2.5 0.7 0.5)
(2.6 0.7 0.5)
(2.7 0.7 0.5)
(2.8 0.7 0.5)
(2.9 0.7 0.5)
(3 0.7 0.5)
(3.1 0.7 0.5)
(3.2 0.7 0.5)
(3.3 0.7 0.5)
(3.4 0.7 0.5)
(3.5 0.7 0.5)
(3.6 0.7 0.5)
(3.7 0.7 0.5)
(3.8 0.7 0.5)
(3.9 0.7 0.5)
(4 0.7 0.5)
(4.1 0.7 0.5)
(4.2 0.7 0.5)
(4.3 0.7 0.5)
(4.4 0.7 0.5)
(4.5 0.7 0.5)
(4.6 0.7 0.5)
(4.7 0.7 0.5)
(4.8 0.7 0.5)
(4.9 0.7 0.5)
(5 0.7 0.5)
(5.1 0.7 0.5)
(5.2 0.7 0.5)
(5.3 0.7 0.5)
(5.4 0.7 0.5)
(5.5 0.7 0.5)
(5.6 0.7 0.5)
(5.7 0.7 0.5)
(5.8 0.7 0.5)
(5.9 0.7 0.5)
(6 0.7 0.5)
(6.1 0.7 0.5)
(6.2 0.7 0.5)
(6.3 0.7 0.5)
(6.4 0.7 0.5)
(6.5 0.7 0.5)
(6.6 0.7 0.5)
(6.7 0.7 0.5)
(6.8 0.7 0.5)
(6.9 0.7 0.5)
(7 0.7 0.5)
(7.1 0.7 0.5)
(7.2 0.7 0.5)
(7.3 0.7 0.5)
(7.4 0.7 0.5)
(7.5 0.7 0.5)
(7.6 0.7 0.5)
(7.7 0.7 0.5)
(7.8 0.7 0.5)
(7.9 0.7 0.5)
(8 0.7 0.5)
(8.1 0.7 0.5)
(8.2 0.7 0.5)
(8.3 0.7 0.5)
(8.4 0.7 0.5)
(8.5 0.7 0.5)
(8.6 0.7 0.5)
(8.7 0.7 0.5)
(8.8 0.7 0.5)
(8.9 0.7 0.5)
(9 0.7 0.5)
(9.1 0.7 0.5)
(9.2 0.7 0.5)
(9.3 0.7 0.5)
(9.4 0.7 0.5)
(9.5 0.7 0.5)
(9.6 0.7 0.5)
(9.7 0.7 0.5)
(9.8 0.7 0.5)
(9.9 0.7 0.5)
(10 0.7 0.5)
(1.1 0.8 0.5)
(1.2 0.8 0.5)
(1.3 0.8 0.5)
(1.4 0.8 0.5)
(1.5 0.8 0.5)
(1.6 0.8 0.5)
(1.7 0.8 0.5)
(1.8 0.8 0.5)
(1.9 0.8 0.5)
(2 0.8 0.5)
(2.1 0.8 0.5)
(2.2 0.8 0.5)
(2.3 0.8 0.5)
(2.4 0.8 0.5)
(2.5 0.8 0.5)
(2.6 0.8 0.5)
(2.7 0.8 0.5)
(2.8 0.8 0.5)
(2.9 0.8 0.5)
(3 0.8 0.5)
(3.1 0.8 0.5)
(3.2 0.8 0.5)
(3.3 0.8 0.5)
(3.4 0.8 0.5)
(3.5 0.8 0.5)
(3.6 0.8 0.5)
(3.7 0.8 0.5)
(3.8 0.8 0.5)
(3.9 0.8 0.5)
(4 0.8 0.5)
(4.1 0.8 0.5)
(4.2 0.8 0.5)
(4.3 0.8 0.5)
(4.4 0.8 0.5)
(4.5 0.8 0.5)
(4.6 0.8 0.5)
(4.7 0.8 0.5)
(4.8 0.8 0.5)
(4.9 0.8 0.5)
(5 0.8 0.5)
(5.1 0.8 0.5)
(5.2 0.8 0.5)
(5.3 0.8 0.5)
(5.4 0.8 0.5)
(5.5 0.8 0.5)
(5.6 0.8 0.5)
(5.7 0.8 0.5)
(5.8 0.8 0.5)
(5.9 0.8 0.5)
(6 0.8 0.5)
(6.1 0.8 0.5)
(6.2 0.8 0.5)
(6.3 0.8 0.5)
(6.4 0.8 0.5)
(6.5 0.8 0.5)
(6.6 0.8 0.5)
(6.7 0.8 0.5)
(6.8 0.8 0.5)
(6.9 0.8 0.5)
(7 0.8 0.5)
(7.1 0.8 0.5)
(7.2 0.8 0.5)
(7.3 0.8 0.5)
(7.4 0.8 0.5)
(7.5 0.8 0.5)
(7.6 0.8 0.5)
(7.7 0.8 0.5)
(7.8 0.8 0.5)
(7.9 0.8 0.5)
(8 0.8 0.5)
(8.1 0.8 0.5)
(8.2 0.8 0.5)
(8.3 0.8 0.5)
(8.4 0.8 0.5)
(8.5 0.8 0.5)
(8.6 0.8 0.5)
(8.7 0.8 0.5)
(8.8 0.8 0.5)
(8.9 0.8 0.5)
(9 0.8 0.5)
(9.1 0.8 0.5)
(9.2 0.8 0.5)
(9.3 0.8 0.5)
(9.4 0.8 0.5)
(9.5 0.8 0.5)
(9.6 0.8 0.5)
(9.7 0.8 0.5)
(9.8 0.8 0.5)
(9.9 0.8 0.5)
(10 0.8 0.5)
(1.1 0.9 0.5)
(1.2 0.9 0.5)
(1.3 0.9 0.5)
(1.4 0.9 0.5)
(1.5 0.9 0.5)
(1.6 0.9 0.5)
(1.7 0.9 0.5)
(1.8 0.9 0.5)
(1.9 0.9 0.5)
(2 0.9 0.5)
(2.1 0.9 0.5)
(2.2 0.9 0.5)
(2.3 0.9 0.5)
(2.4 0.9 0.5)
(2.5 0.9 0.5)
(2.6 0.9 0.5)
(2.7 0.9 0.5)
(2.8 0.9 0.5)
(2.9 0.9 0.5)
(3 0.9 0.5)
(3.1 0.9 0.5)
(3.2 0.9 0.5)
(3.3 0.9 0.5)
(3.4 0.9 0.5)
(3.5 0.9 0.5)
(3.6 0.9 0.5)
(3.7 0.9 0.5)
(3.8 0.9 0.5)
(3.9 0.9 0.5)
(4 0.9 0.5)
(4.1 0.9 0.5)
(4.2 0.9 0.5)
(4.3 0.9 0.5)
(4.4 0.9 0.5)
(4.5 0.9 0.5)
(4.6 0.9 0.5)
(4.7 0.9 0.5)
(4.8 0.9 0.5)
(4.9 0.9 0.5)
(5 0.9 0.5)
(5.1 0.9 0.5)
(5.2 0.9 0.5)
(5.3 0.9 0.5)
(5.4 0.9 0.5)
(5.5 0.9 0.5)
(5.6 0.9 0.5)
(5.7 0.9 0.5)
(5.8 0.9 0.5)
(5.9 0.9 0.5)
(6 0.9 0.5)
(6.1 0.9 0.5)
(6.2 0.9 0.5)
(6.3 0.9 0.5)
(6.4 0.9 0.5)
(6.5 0.9 0.5)
(6.6 0.9 0.5)
(6.7 0.9 0.5)
(6.8 0.9 0.5)
(6.9 0.9 0.5)
(7 0.9 0.5)
(7.1 0.9 0.5)
(7.2 0.9 0.5)
(7.3 0.9 0.5)
(7.4 0.9 0.5)
(7.5 0.9 0.5)
(7.6 0.9 0.5)
(7.7 0.9 0.5)
(7.8 0.9 0.5)
(7.9 0.9 0.5)
(8 0.9 0.5)
(8.1 0.9 0.5)
(8.2 0.9 0.5)
(8.3 0.9 0.5)
(8.4 0.9 0.5)
(8.5 0.9 0.5)
(8.6 0.9 0.5)
(8.7 0.9 0.5)
(8.8 0.9 0.5)
(8.9 0.9 0.5)
(9 0.9 0.5)
(9.1 0.9 0.5)
(9.2 0.9 0.5)
(9.3 0.9 0.5)
(9.4 0.9 0.5)
(9.5 0.9 0.5)
(9.6 0.9 0.5)
(9.7 0.9 0.5)
(9.8 0.9 0.5)
(9.9 0.9 0.5)
(10 0.9 0.5)
(1.1 1 0.5)
(1.2 1 0.5)
(1.3 1 0.5)
(1.4 1 0.5)
(1.5 1 0.5)
(1.6 1 0.5)
(1.7 1 0.5)
(1.8 1 0.5)
(1.9 1 0.5)
(2 1 0.5)
(2.1 1 0.5)
(2.2 1 0.5)
(2.3 1 0.5)
(2.4 1 0.5)
(2.5 1 0.5)
(2.6 1 0.5)
(2.7 1 0.5)
(2.8 1 0.5)
(2.9 1 0.5)
(3 1 0.5)
(3.1 1 0.5)
(3.2 1 0.5)
(3.3 1 0.5)
(3.4 1 0.5)
(3.5 1 0.5)
(3.6 1 0.5)
(3.7 1 0.5)
(3.8 1 0.5)
(3.9 1 0.5)
(4 1 0.5)
(4.1 1 0.5)
(4.2 1 0.5)
(4.3 1 0.5)
(4.4 1 0.5)
(4.5 1 0.5)
(4.6 1 0.5)
(4.7 1 0.5)
(4.8 1 0.5)
(4.9 1 0.5)
(5 1 0.5)
(5.1 1 0.5)
(5.2 1 0.5)
(5.3 1 0.5)
(5.4 1 0.5)
(5.5 1 0.5)
(5.6 1 0.5)
(5.7 1 0.5)
(5.8 1 0.5)
(5.9 1 0.5)
(6 1 0.5)
(6.1 1 0.5)
(6.2 1 0.5)
(6.3 1 0.5)
(6.4 1 0.5)
(6.5 1 0.5)
(6.6 1 0.5)
(6.7 1 0.5)
(6.8 1 0.5)
(6.9 1 0.5)
(7 1 0.5)
(7.1 1 0.5)
(7.2 1 0.5)
(7.3 1 0.5)
(7.4 1 0.5)
(7.5 1 0.5)
(7.6 1 0.5)
(7.7 1 0.5)
(7.8 1 0.5)
(7.9 1 0.5)
(8 1 0.5)
(8.1 1 0.5)
(8.2 1 0.5)
(8.3 1 0.5)
(8.4 1 0.5)
(8.5 1 0.5)
(8.6 1 0.5)
(8.7 1 0.5)
(8.8 1 0.5)
(8.9 1 0.5)
(9 1 0.5)
(9.1 1 0.5)
(9.2 1 0.5)
(9.3 1 0.5)
(9.4 1 0.5)
(9.5 1 0.5)
(9.6 1 0.5)
(9.7 1 0.5)
(9.8 1 0.5)
(9.9 1 0.5)
(10 1 0.5)
)


// ************************************************************************* //
