/*--------------------------------*- C++ -*----------------------------------*\
| =========                 |                                                 |
| \\      /  F ield         | OpenFOAM: The Open Source CFD Toolbox           |
|  \\    /   O peration     | Version:  2406                                  |
|   \\  /    A nd           | Website:  www.openfoam.com                      |
|    \\/     M anipulation  |                                                 |
\*---------------------------------------------------------------------------*/
FoamFile
{
    version     2.0;
    format      ascii;
    arch        "LSB;label=32;scalar=64";
    class       volVectorField;
    location    "22";
    object      U;
}
// * * * * * * * * * * * * * * * * * * * * * * * * * * * * * * * * * * * * * //

dimensions      [0 1 -1 0 0 0 0];

internalField   nonuniform List<vector> 
1900
(
(0.513612 0.0690905 0)
(0.438641 0.0660946 0)
(0.344289 0.0333439 0)
(0.276152 0.0152409 0)
(0.241946 0.00701748 0)
(0.226967 0.00234645 0)
(0.223573 -0.00109148 0)
(0.230359 -0.00527441 0)
(0.253773 -0.017229 0)
(0.295429 -0.0693608 0)
(0.678232 0.139414 0)
(0.692308 0.175308 0)
(0.653634 0.124959 0)
(0.606599 0.0754356 0)
(0.575426 0.0401774 0)
(0.559923 0.0158016 0)
(0.557131 -0.00302447 0)
(0.566156 -0.0223623 0)
(0.588491 -0.0511013 0)
(0.618053 -0.107553 0)
(0.68175 0.0983343 0)
(0.736274 0.153526 0)
(0.765548 0.131734 0)
(0.773919 0.0911926 0)
(0.775196 0.0526694 0)
(0.776812 0.020614 0)
(0.781712 -0.0068401 0)
(0.790993 -0.034572 0)
(0.804179 -0.0696051 0)
(0.815001 -0.120905 0)
(0.676539 0.050062 0)
(0.734935 0.0922823 0)
(0.795714 0.0889487 0)
(0.842365 0.0654922 0)
(0.873938 0.037029 0)
(0.894913 0.00946064 0)
(0.909302 -0.016765 0)
(0.919466 -0.04417 0)
(0.925587 -0.0766047 0)
(0.924133 -0.117382 0)
(0.67445 0.0140311 0)
(0.729338 0.0267769 0)
(0.799234 0.0248413 0)
(0.862096 0.0146047 0)
(0.908903 0.000818512 0)
(0.940185 -0.0145425 0)
(0.95904 -0.0315298 0)
(0.968121 -0.0513788 0)
(0.968533 -0.0756145 0)
(0.959113 -0.104825 0)
(0.674403 -0.017986 0)
(0.728778 -0.0381814 0)
(0.797592 -0.043982 0)
(0.858684 -0.0427826 0)
(0.902929 -0.040517 0)
(0.930715 -0.0406479 0)
(0.945003 -0.0449271 0)
(0.948428 -0.0540912 0)
(0.942399 -0.0681975 0)
(0.926873 -0.0864122 0)
(0.676399 -0.05346 0)
(0.733319 -0.10201 0)
(0.79102 -0.105161 0)
(0.832708 -0.0892537 0)
(0.857151 -0.0705588 0)
(0.868394 -0.0564567 0)
(0.869942 -0.0493037 0)
(0.863831 -0.0489701 0)
(0.85081 -0.0543007 0)
(0.830696 -0.0636172 0)
(0.68154 -0.100689 0)
(0.733929 -0.160186 0)
(0.758808 -0.142677 0)
(0.760267 -0.107156 0)
(0.751711 -0.0753616 0)
(0.739783 -0.0530392 0)
(0.726319 -0.0402165 0)
(0.711177 -0.0349771 0)
(0.693392 -0.0351316 0)
(0.6718 -0.0386816 0)
(0.678006 -0.140519 0)
(0.689966 -0.178392 0)
(0.647038 -0.129967 0)
(0.593469 -0.0827709 0)
(0.553052 -0.0508183 0)
(0.52454 -0.031573 0)
(0.503299 -0.0212041 0)
(0.485736 -0.0165614 0)
(0.469047 -0.0154121 0)
(0.451207 -0.016235 0)
(0.513481 -0.0692635 0)
(0.437464 -0.0665327 0)
(0.341016 -0.0340011 0)
(0.269726 -0.0161755 0)
(0.230997 -0.00838859 0)
(0.209389 -0.00449797 0)
(0.195989 -0.00258243 0)
(0.186571 -0.00178102 0)
(0.178656 -0.00155283 0)
(0.170768 -0.00159716 0)
(-0.000486396 0.000475872 0)
(-0.00243355 0.000717142 0)
(-0.00437082 0.000590028 0)
(-0.00534205 0.000284342 0)
(-0.00479774 -6.01623e-05 0)
(-0.002702 -0.000375037 0)
(0.000719501 -0.000624244 0)
(0.00513095 -0.000795259 0)
(0.0101727 -0.000890973 0)
(0.0155112 -0.000922223 0)
(0.020865 -0.000902891 0)
(0.0260147 -0.00084705 0)
(0.0308026 -0.000767419 0)
(0.0351263 -0.000674672 0)
(0.0389305 -0.000577148 0)
(0.0421971 -0.000481029 0)
(0.0449361 -0.000390493 0)
(0.0471773 -0.000308178 0)
(0.0489635 -0.000235412 0)
(0.0503448 -0.000172676 0)
(0.0513743 -0.000119748 0)
(0.0521047 -7.60608e-05 0)
(0.0525865 -4.07522e-05 0)
(0.0528664 -1.28994e-05 0)
(0.0529863 8.49613e-06 0)
(0.0529829 2.43597e-05 0)
(0.052888 3.55959e-05 0)
(0.0527284 4.29934e-05 0)
(0.0525259 4.72887e-05 0)
(0.0522986 4.90975e-05 0)
(0.0520605 4.89841e-05 0)
(0.0518224 4.74022e-05 0)
(0.0515924 4.47676e-05 0)
(0.051376 4.13972e-05 0)
(0.0511771 3.75858e-05 0)
(-0.000821319 0.00248469 0)
(-0.00428914 0.00384349 0)
(-0.00699949 0.00269289 0)
(-0.00724458 0.000158157 0)
(-0.00410407 -0.00279678 0)
(0.00239898 -0.0055514 0)
(0.0117453 -0.00777028 0)
(0.0231959 -0.00932337 0)
(0.0359663 -0.0102114 0)
(0.0493297 -0.0105087 0)
(0.0626699 -0.0103239 0)
(0.0755022 -0.00977495 0)
(0.0874731 -0.00897391 0)
(0.0983482 -0.00801889 0)
(0.107995 -0.00699084 0)
(0.116363 -0.00595283 0)
(0.123466 -0.00495138 0)
(0.129364 -0.00401855 0)
(0.134147 -0.00317434 0)
(0.137926 -0.00242926 0)
(0.140821 -0.00178649 0)
(0.142955 -0.00124398 0)
(0.144445 -0.00079598 0)
(0.145404 -0.00043451 0)
(0.145934 -0.000150252 0)
(0.146124 6.65667e-05 0)
(0.146056 0.000225704 0)
(0.145798 0.000336462 0)
(0.145406 0.000407473 0)
(0.144929 0.000446533 0)
(0.144404 0.000460536 0)
(0.143862 0.00045548 0)
(0.143324 0.000436459 0)
(0.142809 0.000407759 0)
(0.142327 0.000372868 0)
(-0.000909609 0.00499937 0)
(-0.0043219 0.00698765 0)
(-0.00568976 0.00358558 0)
(-0.00319668 -0.0026164 0)
(0.00394541 -0.00956663 0)
(0.015436 -0.015934 0)
(0.0304492 -0.021003 0)
(0.0479562 -0.0245043 0)
(0.0669239 -0.0264537 0)
(0.0864238 -0.0270287 0)
(0.105684 -0.0264807 0)
(0.124103 -0.0250805 0)
(0.141247 -0.023085 0)
(0.156828 -0.0207202 0)
(0.170687 -0.0181738 0)
(0.182764 -0.0155939 0)
(0.193081 -0.0130916 0)
(0.201718 -0.010745 0)
(0.208795 -0.00860481 0)
(0.214458 -0.00669952 0)
(0.218868 -0.00504015 0)
(0.222189 -0.00362482 0)
(0.224581 -0.00244244 0)
(0.226197 -0.0014758 0)
(0.227179 -0.000703963 0)
(0.227654 -0.000104241 0)
(0.227735 0.00034649 0)
(0.227518 0.000670723 0)
(0.227088 0.000889674 0)
(0.226514 0.00102277 0)
(0.225851 0.00108749 0)
(0.225145 0.00109915 0)
(0.224431 0.00107103 0)
(0.223734 0.00101434 0)
(0.223075 0.00093844 0)
(-0.000927412 0.00737809 0)
(-0.00322354 0.00879232 0)
(-0.00160971 0.00164892 0)
(0.00539239 -0.00953266 0)
(0.0179574 -0.0214245 0)
(0.035239 -0.0319742 0)
(0.0560206 -0.0401454 0)
(0.0790306 -0.0456046 0)
(0.103107 -0.0484527 0)
(0.12727 -0.0490246 0)
(0.15074 -0.0477557 0)
(0.172933 -0.045099 0)
(0.193442 -0.0414778 0)
(0.212008 -0.0372616 0)
(0.228499 -0.032757 0)
(0.242884 -0.0282064 0)
(0.255208 -0.0237928 0)
(0.265575 -0.0196464 0)
(0.274125 -0.0158529 0)
(0.281029 -0.0124618 0)
(0.286466 -0.00949357 0)
(0.290623 -0.00694735 0)
(0.293682 -0.00480633 0)
(0.295817 -0.00304291 0)
(0.297188 -0.00162274 0)
(0.297942 -0.000507842 0)
(0.298211 0.000340955 0)
(0.298107 0.000962226 0)
(0.29773 0.00139268 0)
(0.297161 0.00166633 0)
(0.296469 0.00181391 0)
(0.295709 0.00186273 0)
(0.294923 0.00183652 0)
(0.294144 0.00175554 0)
(0.293398 0.00163676 0)
(-0.000927149 0.0090748 0)
(-0.00108664 0.00785896 0)
(0.005324 -0.00491991 0)
(0.0188033 -0.0222423 0)
(0.0383387 -0.0394796 0)
(0.0622752 -0.0540602 0)
(0.0889623 -0.0648561 0)
(0.116966 -0.0716513 0)
(0.145132 -0.0747506 0)
(0.172575 -0.0747137 0)
(0.198648 -0.0721897 0)
(0.222904 -0.0678207 0)
(0.245054 -0.0621912 0)
(0.264944 -0.0558037 0)
(0.282521 -0.0490715 0)
(0.297814 -0.0423204 0)
(0.310912 -0.0357961 0)
(0.321947 -0.0296738 0)
(0.331082 -0.0240693 0)
(0.338499 -0.0190497 0)
(0.344386 -0.0146432 0)
(0.348936 -0.0108488 0)
(0.352333 -0.00764331 0)
(0.354757 -0.00498865 0)
(0.35637 -0.00283674 0)
(0.357323 -0.0011341 0)
(0.357751 0.000174884 0)
(0.357772 0.00114538 0)
(0.357488 0.00183031 0)
(0.356986 0.00227901 0)
(0.356338 0.00253645 0)
(0.355603 0.00264279 0)
(0.354828 0.00263317 0)
(0.354049 0.0025378 0)
(0.353293 0.00238215 0)
(-0.000787115 0.00958395 0)
(0.00283154 0.00256108 0)
(0.0166177 -0.0182514 0)
(0.0390188 -0.0426376 0)
(0.067134 -0.064964 0)
(0.0983661 -0.0826475 0)
(0.130756 -0.0948752 0)
(0.162909 -0.101808 0)
(0.193872 -0.104092 0)
(0.223026 -0.102569 0)
(0.249989 -0.0981091 0)
(0.27455 -0.0915261 0)
(0.296618 -0.0835366 0)
(0.316192 -0.0747448 0)
(0.333336 -0.0656413 0)
(0.348162 -0.0566095 0)
(0.360814 -0.0479369 0)
(0.371458 -0.0398275 0)
(0.380275 -0.0324149 0)
(0.387452 -0.0257756 0)
(0.393175 -0.0199402 0)
(0.397628 -0.014904 0)
(0.400987 -0.0106364 0)
(0.403417 -0.00708806 0)
(0.405073 -0.00419774 0)
(0.406094 -0.00189722 0)
(0.406605 -0.000115391 0)
(0.406718 0.00121854 0)
(0.406528 0.00217279 0)
(0.406119 0.00281131 0)
(0.405558 0.0031927 0)
(0.404904 0.00336958 0)
(0.404201 0.00338825 0)
(0.403485 0.00328875 0)
(0.402784 0.00310499 0)
(-0.000151071 0.0082223 0)
(0.0107029 -0.00963324 0)
(0.0358948 -0.0412821 0)
(0.070139 -0.0728627 0)
(0.108073 -0.0988853 0)
(0.146451 -0.117719 0)
(0.183473 -0.129416 0)
(0.218166 -0.134773 0)
(0.250048 -0.134871 0)
(0.278938 -0.130834 0)
(0.30483 -0.123716 0)
(0.327814 -0.114451 0)
(0.348038 -0.103834 0)
(0.365677 -0.0925235 0)
(0.380923 -0.0810435 0)
(0.393974 -0.0698007 0)
(0.40503 -0.0590959 0)
(0.414286 -0.0491401 0)
(0.421932 -0.0400688 0)
(0.428151 -0.0319559 0)
(0.433118 -0.0248268 0)
(0.436995 -0.0186688 0)
(0.439935 -0.0134412 0)
(0.442081 -0.0090835 0)
(0.443562 -0.00552172 0)
(0.444497 -0.00267443 0)
(0.444991 -0.000456998 0)
(0.445138 0.00121493 0)
(0.445018 0.00242277 0)
(0.444703 0.00324309 0)
(0.444251 0.00374636 0)
(0.443712 0.00399611 0)
(0.443124 0.00404851 0)
(0.44252 0.00395233 0)
(0.441924 0.0037491 0)
(0.00194925 0.00245526 0)
(0.0278119 -0.034069 0)
(0.0703736 -0.0783668 0)
(0.119046 -0.114971 0)
(0.166456 -0.141334 0)
(0.210032 -0.158093 0)
(0.249073 -0.166607 0)
(0.283534 -0.16838 0)
(0.313654 -0.164858 0)
(0.339803 -0.157347 0)
(0.362388 -0.146983 0)
(0.381806 -0.134732 0)
(0.398427 -0.121397 0)
(0.412586 -0.107628 0)
(0.424585 -0.0939373 0)
(0.43469 -0.0807166 0)
(0.443138 -0.0682501 0)
(0.450139 -0.0567329 0)
(0.45588 -0.0462851 0)
(0.460526 -0.0369667 0)
(0.464225 -0.0287894 0)
(0.467108 -0.0217281 0)
(0.469296 -0.0157301 0)
(0.470896 -0.0107229 0)
(0.472005 -0.0066216 0)
(0.472709 -0.00333346 0)
(0.473084 -0.000762994 0)
(0.473201 0.00118472 0)
(0.473117 0.00260127 0)
(0.472885 0.00357298 0)
(0.472548 0.00417944 0)
(0.472144 0.00449266 0)
(0.4717 0.00457653 0)
(0.471242 0.00448672 0)
(0.470788 0.00427082 0)
(0.014591 -0.0240577 0)
(0.0687985 -0.084285 0)
(0.134118 -0.135286 0)
(0.195854 -0.169353 0)
(0.248236 -0.189994 0)
(0.291894 -0.200425 0)
(0.328211 -0.202942 0)
(0.35834 -0.199342 0)
(0.383256 -0.191125 0)
(0.403805 -0.179559 0)
(0.420716 -0.165714 0)
(0.434608 -0.150487 0)
(0.445999 -0.134613 0)
(0.455325 -0.11868 0)
(0.462946 -0.103146 0)
(0.46916 -0.0883544 0)
(0.474211 -0.0745476 0)
(0.478297 -0.0618854 0)
(0.481582 -0.0504591 0)
(0.484197 -0.0403045 0)
(0.486252 -0.0314138 0)
(0.487836 -0.0237458 0)
(0.489026 -0.0172349 0)
(0.489886 -0.0117976 0)
(0.490472 -0.00733941 0)
(0.490834 -0.00375939 0)
(0.491013 -0.00095451 0)
(0.491047 0.00117715 0)
(0.490969 0.00273373 0)
(0.490807 0.00380769 0)
(0.490587 0.00448441 0)
(0.490327 0.00484129 0)
(0.490046 0.00494719 0)
(0.489758 0.00486228 0)
(0.489472 0.00463814 0)
(0.0948983 -0.0974136 0)
(0.177522 -0.170974 0)
(0.251772 -0.208515 0)
(0.311595 -0.228248 0)
(0.356842 -0.237023 0)
(0.391543 -0.238007 0)
(0.418475 -0.233001 0)
(0.439327 -0.223367 0)
(0.455325 -0.210283 0)
(0.467454 -0.194786 0)
(0.476533 -0.177776 0)
(0.483233 -0.16001 0)
(0.488105 -0.142111 0)
(0.491593 -0.124572 0)
(0.49405 -0.107771 0)
(0.495755 -0.091981 0)
(0.496918 -0.0773883 0)
(0.4977 -0.0641058 0)
(0.498218 -0.0521873 0)
(0.498553 -0.0416391 0)
(0.498763 -0.0324311 0)
(0.498888 -0.0245052 0)
(0.498952 -0.0177831 0)
(0.498973 -0.0121726 0)
(0.498961 -0.0075723 0)
(0.498923 -0.00387664 0)
(0.498864 -0.000978822 0)
(0.498789 0.00122598 0)
(0.498702 0.0028384 0)
(0.498604 0.0039531 0)
(0.498501 0.00465755 0)
(0.498394 0.00503112 0)
(0.498287 0.00514454 0)
(0.498182 0.00505973 0)
(0.49808 0.00482988 0)
(0.391351 -0.202002 0)
(0.410072 -0.244543 0)
(0.435865 -0.262296 0)
(0.463334 -0.269063 0)
(0.485156 -0.268225 0)
(0.501194 -0.261616 0)
(0.512474 -0.250543 0)
(0.519807 -0.236079 0)
(0.523931 -0.219188 0)
(0.525555 -0.200736 0)
(0.525325 -0.181478 0)
(0.523796 -0.162051 0)
(0.521428 -0.142967 0)
(0.518588 -0.124621 0)
(0.515558 -0.107306 0)
(0.512547 -0.0912212 0)
(0.509699 -0.0764932 0)
(0.507106 -0.0631852 0)
(0.50482 -0.051312 0)
(0.502861 -0.0408505 0)
(0.501225 -0.0317492 0)
(0.499894 -0.023935 0)
(0.498839 -0.0173199 0)
(0.498027 -0.0118059 0)
(0.497423 -0.00728899 0)
(0.496992 -0.00366275 0)
(0.496702 -0.000820979 0)
(0.496524 0.00133984 0)
(0.496432 0.0029186 0)
(0.496404 0.00400821 0)
(0.496424 0.00469441 0)
(0.496475 0.00505504 0)
(0.496548 0.00515953 0)
(0.496632 0.00506872 0)
(0.496721 0.004835 0)
(0.636989 -0.199703 0)
(0.625599 -0.249917 0)
(0.616796 -0.271385 0)
(0.612923 -0.277849 0)
(0.609253 -0.27491 0)
(0.604285 -0.265523 0)
(0.597885 -0.251676 0)
(0.590148 -0.234799 0)
(0.581317 -0.215996 0)
(0.57175 -0.196157 0)
(0.561838 -0.176003 0)
(0.551941 -0.156105 0)
(0.542365 -0.136897 0)
(0.533343 -0.118698 0)
(0.525044 -0.101727 0)
(0.517573 -0.0861194 0)
(0.510981 -0.0719458 0)
(0.505277 -0.0592258 0)
(0.500434 -0.0479405 0)
(0.496403 -0.038042 0)
(0.493115 -0.0294618 0)
(0.490493 -0.0221168 0)
(0.488457 -0.0159137 0)
(0.486924 -0.0107535 0)
(0.485816 -0.00653398 0)
(0.48506 -0.00315226 0)
(0.484589 -0.000507149 0)
(0.484344 0.00149933 0)
(0.484273 0.00296031 0)
(0.484332 0.00396309 0)
(0.484484 0.00458812 0)
(0.484698 0.00490842 0)
(0.484951 0.00498912 0)
(0.485222 0.00488736 0)
(0.485498 0.00465232 0)
(0.809685 -0.185321 0)
(0.78511 -0.229818 0)
(0.757176 -0.252962 0)
(0.731514 -0.261327 0)
(0.707439 -0.259427 0)
(0.684296 -0.250358 0)
(0.661934 -0.236466 0)
(0.640315 -0.219502 0)
(0.619495 -0.200766 0)
(0.599623 -0.181239 0)
(0.580891 -0.161659 0)
(0.56348 -0.142571 0)
(0.547531 -0.124363 0)
(0.533136 -0.107296 0)
(0.520331 -0.0915315 0)
(0.509107 -0.0771552 0)
(0.499415 -0.0641946 0)
(0.491173 -0.0526357 0)
(0.484276 -0.0424347 0)
(0.478605 -0.0335273 0)
(0.47403 -0.0258355 0)
(0.470422 -0.0192723 0)
(0.467652 -0.0137453 0)
(0.465595 -0.00915953 0)
(0.464138 -0.00541925 0)
(0.463174 -0.0024299 0)
(0.462608 -9.9264e-05 0)
(0.462356 0.00166115 0)
(0.462345 0.00293519 0)
(0.462513 0.00380113 0)
(0.462808 0.00433107 0)
(0.463186 0.0045903 0)
(0.463613 0.00463715 0)
(0.464062 0.00452267 0)
(0.464511 0.00429091 0)
(0.908222 -0.162923 0)
(0.877499 -0.198326 0)
(0.840333 -0.219404 0)
(0.802195 -0.228271 0)
(0.764763 -0.227681 0)
(0.728669 -0.22012 0)
(0.694327 -0.207762 0)
(0.661976 -0.19237 0)
(0.631764 -0.175295 0)
(0.603811 -0.157545 0)
(0.578212 -0.139855 0)
(0.555025 -0.122741 0)
(0.53426 -0.106548 0)
(0.51588 -0.0914937 0)
(0.499804 -0.0776954 0)
(0.485918 -0.065201 0)
(0.474077 -0.054009 0)
(0.464119 -0.044084 0)
(0.455869 -0.0353686 0)
(0.449148 -0.0277917 0)
(0.443778 -0.0212741 0)
(0.439584 -0.015732 0)
(0.436402 -0.0110801 0)
(0.434076 -0.00723251 0)
(0.432463 -0.00410487 0)
(0.431436 -0.0016146 0)
(0.430879 0.000317846 0)
(0.43069 0.00176839 0)
(0.430783 0.00280861 0)
(0.431081 0.00350519 0)
(0.431523 0.00391938 0)
(0.432058 0.00410666 0)
(0.432643 0.00411645 0)
(0.433246 0.00399211 0)
(0.433842 0.00377089 0)
(0.937201 -0.136065 0)
(0.903297 -0.161826 0)
(0.862159 -0.178436 0)
(0.818117 -0.186026 0)
(0.773634 -0.185987 0)
(0.730165 -0.180023 0)
(0.688669 -0.169845 0)
(0.649743 -0.156968 0)
(0.613729 -0.142608 0)
(0.580811 -0.127689 0)
(0.551065 -0.112873 0)
(0.524479 -0.0986183 0)
(0.500976 -0.0852167 0)
(0.480423 -0.0728392 0)
(0.462646 -0.0615687 0)
(0.447448 -0.0514265 0)
(0.434612 -0.0423936 0)
(0.423915 -0.0344251 0)
(0.41513 -0.0274607 0)
(0.408037 -0.0214319 0)
(0.402425 -0.0162661 0)
(0.398091 -0.0118897 0)
(0.394848 -0.00822945 0)
(0.392524 -0.00521339 0)
(0.390961 -0.0027718 0)
(0.390018 -0.00083728 0)
(0.389569 0.000654522 0)
(0.389506 0.00176476 0)
(0.389734 0.0025508 0)
(0.390172 0.00306602 0)
(0.390753 0.00335926 0)
(0.391422 0.00347482 0)
(0.392135 0.00345201 0)
(0.392858 0.00332537 0)
(0.393563 0.00312447 0)
(0.901084 -0.106177 0)
(0.865773 -0.123157 0)
(0.823842 -0.134608 0)
(0.778468 -0.139975 0)
(0.732057 -0.139836 0)
(0.686338 -0.135244 0)
(0.642542 -0.127403 0)
(0.60149 -0.11746 0)
(0.563669 -0.106375 0)
(0.52933 -0.0948853 0)
(0.498549 -0.0835246 0)
(0.471281 -0.0726517 0)
(0.44739 -0.06249 0)
(0.426684 -0.053162 0)
(0.408933 -0.0447191 0)
(0.393885 -0.037165 0)
(0.381282 -0.0304731 0)
(0.370867 -0.0245988 0)
(0.36239 -0.0194881 0)
(0.355611 -0.0150825 0)
(0.350305 -0.0113226 0)
(0.346264 -0.00814972 0)
(0.343295 -0.0055065 0)
(0.341223 -0.00333801 0)
(0.339889 -0.00159123 0)
(0.339152 -0.000215825 0)
(0.338888 0.000836346 0)
(0.338989 0.00161045 0)
(0.339361 0.00214909 0)
(0.339925 0.00249143 0)
(0.340615 0.00267366 0)
(0.341379 0.0027281 0)
(0.342172 0.00268387 0)
(0.342963 0.00256606 0)
(0.343726 0.00239658 0)
(0.803072 -0.0746075 0)
(0.76843 -0.0844686 0)
(0.728535 -0.0912667 0)
(0.685614 -0.0943521 0)
(0.641673 -0.0939098 0)
(0.598333 -0.0905408 0)
(0.556825 -0.0850139 0)
(0.517999 -0.0780935 0)
(0.482373 -0.0704366 0)
(0.450207 -0.062553 0)
(0.421563 -0.0548083 0)
(0.39637 -0.0474446 0)
(0.374465 -0.0406072 0)
(0.355625 -0.0343704 0)
(0.3396 -0.0287596 0)
(0.326122 -0.0237678 0)
(0.314927 -0.0193691 0)
(0.305754 -0.0155265 0)
(0.298359 -0.0121985 0)
(0.29251 -0.0093418 0)
(0.287993 -0.00691393 0)
(0.284612 -0.00487357 0)
(0.282188 -0.0031815 0)
(0.280559 -0.00180025 0)
(0.27958 -0.000694445 0)
(0.279123 0.000169656 0)
(0.279075 0.000823722 0)
(0.279337 0.0012978 0)
(0.279827 0.00161971 0)
(0.280473 0.00181542 0)
(0.281217 0.00190844 0)
(0.282011 0.00192023 0)
(0.282818 0.00186957 0)
(0.283608 0.00177314 0)
(0.284362 0.00164492 0)
(0.645564 -0.0437349 0)
(0.614712 -0.0485063 0)
(0.580227 -0.0517898 0)
(0.543591 -0.0531188 0)
(0.506314 -0.052541 0)
(0.469705 -0.0503731 0)
(0.434792 -0.0470416 0)
(0.402292 -0.0429768 0)
(0.372637 -0.0385489 0)
(0.346029 -0.0340431 0)
(0.322495 -0.0296604 0)
(0.301945 -0.0255298 0)
(0.284207 -0.0217253 0)
(0.269066 -0.0182805 0)
(0.256287 -0.0152023 0)
(0.245626 -0.0124805 0)
(0.236846 -0.0100955 0)
(0.229721 -0.00802272 0)
(0.224039 -0.00623603 0)
(0.219604 -0.00470935 0)
(0.216237 -0.00341766 0)
(0.213774 -0.00233724 0)
(0.212069 -0.00144589 0)
(0.210988 -0.000722738 0)
(0.210413 -0.00014817 0)
(0.210241 0.000296317 0)
(0.210381 0.0006281 0)
(0.210753 0.000863556 0)
(0.211291 0.00101788 0)
(0.211938 0.00110519 0)
(0.212647 0.00113829 0)
(0.213383 0.00112882 0)
(0.214115 0.00108701 0)
(0.214821 0.00102186 0)
(0.215486 0.000940951 0)
(0.431039 -0.0179085 0)
(0.408267 -0.0195578 0)
(0.383383 -0.020639 0)
(0.357301 -0.020952 0)
(0.33102 -0.0205239 0)
(0.305426 -0.0194933 0)
(0.28121 -0.0180384 0)
(0.258843 -0.0163333 0)
(0.238596 -0.0145233 0)
(0.220574 -0.012717 0)
(0.204763 -0.0109874 0)
(0.191067 -0.00937904 0)
(0.179342 -0.00791469 0)
(0.169416 -0.00660234 0)
(0.16111 -0.00544012 0)
(0.154242 -0.00442075 0)
(0.148643 -0.00353384 0)
(0.144149 -0.0027682 0)
(0.140614 -0.00211232 0)
(0.137902 -0.00155547 0)
(0.135889 -0.00108741 0)
(0.134465 -0.000698901 0)
(0.133531 -0.000381149 0)
(0.132997 -0.000126234 0)
(0.132784 7.34957e-05 0)
(0.132824 0.000224976 0)
(0.133056 0.000334995 0)
(0.133428 0.000409645 0)
(0.133896 0.000454877 0)
(0.134422 0.000475889 0)
(0.134978 0.000477725 0)
(0.135539 0.000464588 0)
(0.136087 0.000440525 0)
(0.136608 0.000408686 0)
(0.137092 0.000372099 0)
(0.162158 -0.00174155 0)
(0.152623 -0.00187176 0)
(0.142351 -0.00192907 0)
(0.131722 -0.00190282 0)
(0.121147 -0.00180654 0)
(0.110978 -0.00166108 0)
(0.101479 -0.00148757 0)
(0.0928149 -0.00130392 0)
(0.085067 -0.00112321 0)
(0.0782522 -0.000953625 0)
(0.0723421 -0.000799553 0)
(0.0672804 -0.000662722 0)
(0.0629953 -0.00054317 0)
(0.0594088 -0.000439946 0)
(0.0564425 -0.000351575 0)
(0.0540213 -0.00027639 0)
(0.0520754 -0.000212728 0)
(0.0505405 -0.000159054 0)
(0.0493586 -0.000114008 0)
(0.0484774 -7.64267e-05 0)
(0.0478497 -4.5316e-05 0)
(0.0474336 -1.98402e-05 0)
(0.0471916 7.14854e-07 0)
(0.0470901 1.69632e-05 0)
(0.0470998 2.94459e-05 0)
(0.0471949 3.86484e-05 0)
(0.0473529 4.50125e-05 0)
(0.0475549 4.89469e-05 0)
(0.0477846 5.083e-05 0)
(0.0480289 5.1017e-05 0)
(0.048277 4.9835e-05 0)
(0.0485205 4.7588e-05 0)
(0.0487531 4.45479e-05 0)
(0.0489704 4.09608e-05 0)
(0.0491693 3.70372e-05 0)
(0.0509977 3.35388e-05 0)
(0.0508388 2.94553e-05 0)
(0.0507003 2.54522e-05 0)
(0.0505814 2.16551e-05 0)
(0.050481 1.81131e-05 0)
(0.0503974 1.48983e-05 0)
(0.050329 1.20107e-05 0)
(0.050274 9.48579e-06 0)
(0.0502305 7.29118e-06 0)
(0.050197 5.44017e-06 0)
(0.141886 0.000334619 0)
(0.14149 0.000295191 0)
(0.141141 0.000256276 0)
(0.140838 0.000219067 0)
(0.140579 0.000184424 0)
(0.140361 0.000152849 0)
(0.14018 0.000124643 0)
(0.140032 9.98643e-05 0)
(0.139914 7.84746e-05 0)
(0.139821 6.0283e-05 0)
(0.222464 0.000850916 0)
(0.221911 0.000757833 0)
(0.221419 0.000663842 0)
(0.220987 0.000572458 0)
(0.220615 0.000486142 0)
(0.220299 0.000406573 0)
(0.220035 0.000334702 0)
(0.219817 0.000270996 0)
(0.219641 0.00021546 0)
(0.219501 0.000167847 0)
(0.2927 0.00149411 0)
(0.292062 0.00133874 0)
(0.291488 0.00117938 0)
(0.290983 0.00102261 0)
(0.290543 0.000873206 0)
(0.290167 0.000734412 0)
(0.28985 0.000608249 0)
(0.289587 0.00049573 0)
(0.289372 0.000397121 0)
(0.2892 0.000312095 0)
(0.35258 0.00218725 0)
(0.351922 0.00197008 0)
(0.351327 0.001744 0)
(0.350798 0.00151922 0)
(0.350336 0.00130323 0)
(0.349938 0.00110122 0)
(0.3496 0.000916529 0)
(0.349318 0.000750961 0)
(0.349086 0.000605153 0)
(0.348898 0.000478857 0)
(0.402117 0.00286515 0)
(0.401497 0.00259213 0)
(0.400933 0.00230406 0)
(0.400429 0.00201493 0)
(0.399986 0.00173507 0)
(0.399602 0.00147179 0)
(0.399275 0.00122986 0)
(0.399 0.00101202 0)
(0.398772 0.000819388 0)
(0.398587 0.000651881 0)
(0.441353 0.00347348 0)
(0.440819 0.00315379 0)
(0.440331 0.00281259 0)
(0.439893 0.00246737 0)
(0.439506 0.00213119 0)
(0.43917 0.00181338 0)
(0.438882 0.00152012 0)
(0.438639 0.00125509 0)
(0.438437 0.00101994 0)
(0.438271 0.000814815 0)
(0.470352 0.00396871 0)
(0.469943 0.00361311 0)
(0.469567 0.00323021 0)
(0.469229 0.00284042 0)
(0.468929 0.00245907 0)
(0.468668 0.00209719 0)
(0.468444 0.00176222 0)
(0.468253 0.00145863 0)
(0.468095 0.00118858 0)
(0.467964 0.000952432 0)
(0.489198 0.00431814 0)
(0.488941 0.00393797 0)
(0.488704 0.00352632 0)
(0.488491 0.0031056 0)
(0.488301 0.00269275 0)
(0.488136 0.00230001 0)
(0.487993 0.00193569 0)
(0.487872 0.00160489 0)
(0.487771 0.00131012 0)
(0.487688 0.00105194 0)
(0.497985 0.00449985 0)
(0.497896 0.00410661 0)
(0.497814 0.00367996 0)
(0.497741 0.00324326 0)
(0.497677 0.00281417 0)
(0.49762 0.00240554 0)
(0.497571 0.00202611 0)
(0.49753 0.00168126 0)
(0.497495 0.00137371 0)
(0.497466 0.00110411 0)
(0.49681 0.00450254 0)
(0.496895 0.00410787 0)
(0.496975 0.00368042 0)
(0.497047 0.00324332 0)
(0.497112 0.00281407 0)
(0.497168 0.0024054 0)
(0.497217 0.00202599 0)
(0.497259 0.00168119 0)
(0.497293 0.00137369 0)
(0.497322 0.00110412 0)
(0.485767 0.00432555 0)
(0.486022 0.00394137 0)
(0.486257 0.00352751 0)
(0.48647 0.00310569 0)
(0.48666 0.0026924 0)
(0.486825 0.00229957 0)
(0.486968 0.00193534 0)
(0.487089 0.00160466 0)
(0.48719 0.00131003 0)
(0.487273 0.00105195 0)
(0.464944 0.003979 0)
(0.465352 0.00361766 0)
(0.465727 0.00323163 0)
(0.466066 0.00284033 0)
(0.466365 0.00245839 0)
(0.466627 0.00209645 0)
(0.466851 0.00176161 0)
(0.467041 0.00145826 0)
(0.4672 0.0011884 0)
(0.46733 0.000952429 0)
(0.434414 0.00348429 0)
(0.434948 0.00315824 0)
(0.435436 0.00281367 0)
(0.435874 0.00246686 0)
(0.436261 0.00213016 0)
(0.436598 0.00181233 0)
(0.436886 0.00151932 0)
(0.437129 0.00125457 0)
(0.437331 0.0010197 0)
(0.437496 0.000814753 0)
(0.394233 0.00287434 0)
(0.394855 0.00259546 0)
(0.395419 0.00230441 0)
(0.395924 0.00201395 0)
(0.396367 0.00173375 0)
(0.396751 0.00147056 0)
(0.397078 0.00122895 0)
(0.397353 0.00101142 0)
(0.39758 0.000819093 0)
(0.397766 0.000651766 0)
(0.344443 0.00219344 0)
(0.345102 0.00197184 0)
(0.345698 0.0017435 0)
(0.346227 0.00151794 0)
(0.346689 0.00130175 0)
(0.347087 0.00110003 0)
(0.347425 0.000915598 0)
(0.347707 0.000750421 0)
(0.347939 0.000604799 0)
(0.348127 0.000478753 0)
(0.285063 0.00149695 0)
(0.285703 0.00133874 0)
(0.286277 0.00117819 0)
(0.286782 0.001021 0)
(0.287222 0.000871732 0)
(0.287597 0.000733165 0)
(0.287914 0.000607365 0)
(0.288177 0.00049508 0)
(0.288391 0.000396735 0)
(0.288564 0.000311808 0)
(0.216098 0.000850736 0)
(0.216652 0.00075632 0)
(0.217144 0.000661891 0)
(0.217575 0.000570462 0)
(0.217946 0.000484386 0)
(0.218262 0.000405068 0)
(0.218526 0.000333519 0)
(0.218743 0.000270029 0)
(0.218919 0.00021473 0)
(0.21906 0.000167233 0)
(0.137533 0.000332892 0)
(0.137929 0.000293154 0)
(0.138277 0.000254112 0)
(0.138579 0.000217074 0)
(0.138838 0.000182552 0)
(0.139056 0.000151262 0)
(0.139236 0.000123206 0)
(0.139383 9.87022e-05 0)
(0.139501 7.74273e-05 0)
(0.139594 5.9469e-05 0)
(0.0493483 3.29606e-05 0)
(0.0495067 2.88783e-05 0)
(0.0496447 2.49127e-05 0)
(0.0497631 2.11522e-05 0)
(0.0498632 1.76659e-05 0)
(0.0499465 1.44933e-05 0)
(0.0500147 1.16618e-05 0)
(0.0500697 9.175e-06 0)
(0.0501131 7.03159e-06 0)
(0.0501466 5.21183e-06 0)
(0.0501717 3.88146e-06 0)
(0.0501533 2.61738e-06 0)
(0.0501405 1.58828e-06 0)
(0.0501321 7.93453e-07 0)
(0.0501273 1.72111e-07 0)
(0.050125 -2.74465e-07 0)
(0.0501248 -6.03831e-07 0)
(0.0501259 -8.10139e-07 0)
(0.050128 -9.45595e-07 0)
(0.0501308 -9.98998e-07 0)
(0.0501338 -1.01666e-06 0)
(0.050137 -9.82339e-07 0)
(0.0501402 -9.36849e-07 0)
(0.0501433 -8.59869e-07 0)
(0.0501461 -7.87559e-07 0)
(0.0501488 -6.96626e-07 0)
(0.0501511 -6.19553e-07 0)
(0.0501532 -5.31177e-07 0)
(0.0501551 -4.61147e-07 0)
(0.0501566 -3.83291e-07 0)
(0.050158 -3.25299e-07 0)
(0.0501592 -2.60638e-07 0)
(0.0501602 -2.15451e-07 0)
(0.050161 -1.63533e-07 0)
(0.0501617 -1.29871e-07 0)
(0.0501622 -8.88349e-08 0)
(0.0501627 -6.49727e-08 0)
(0.0501631 -3.29523e-08 0)
(0.0501634 -1.72632e-08 0)
(0.0501637 7.10024e-09 0)
(0.0501639 1.55135e-08 0)
(0.0501641 3.21151e-08 0)
(0.0501643 3.10283e-08 0)
(0.0501645 3.55236e-08 0)
(0.0501646 2.13149e-08 0)
(0.13975 4.50736e-05 0)
(0.139696 3.25433e-05 0)
(0.139658 2.24114e-05 0)
(0.139631 1.43511e-05 0)
(0.139614 8.0855e-06 0)
(0.139604 3.31516e-06 0)
(0.1396 -1.96946e-07 0)
(0.1396 -2.69993e-06 0)
(0.139603 -4.37718e-06 0)
(0.139608 -5.42194e-06 0)
(0.139614 -5.96398e-06 0)
(0.13962 -6.14537e-06 0)
(0.139627 -6.04948e-06 0)
(0.139634 -5.77641e-06 0)
(0.139641 -5.37301e-06 0)
(0.139647 -4.90771e-06 0)
(0.139653 -4.40068e-06 0)
(0.139658 -3.89807e-06 0)
(0.139662 -3.40193e-06 0)
(0.139666 -2.94371e-06 0)
(0.13967 -2.5139e-06 0)
(0.139673 -2.13497e-06 0)
(0.139675 -1.79069e-06 0)
(0.139677 -1.49835e-06 0)
(0.139679 -1.23807e-06 0)
(0.13968 -1.02451e-06 0)
(0.139682 -8.35818e-07 0)
(0.139683 -6.85647e-07 0)
(0.139683 -5.51314e-07 0)
(0.139684 -4.4671e-07 0)
(0.139685 -3.48598e-07 0)
(0.139685 -2.71608e-07 0)
(0.139686 -1.90779e-07 0)
(0.139686 -1.20023e-07 0)
(0.139687 -2.84174e-08 0)
(0.219391 0.000127645 0)
(0.219308 9.42562e-05 0)
(0.219246 6.69561e-05 0)
(0.219202 4.50389e-05 0)
(0.219172 2.77554e-05 0)
(0.219153 1.44374e-05 0)
(0.219142 4.41623e-06 0)
(0.219139 -2.86738e-06 0)
(0.21914 -7.95698e-06 0)
(0.219144 -1.12803e-05 0)
(0.219151 -1.32492e-05 0)
(0.219158 -1.41657e-05 0)
(0.219167 -1.43244e-05 0)
(0.219176 -1.39214e-05 0)
(0.219184 -1.31569e-05 0)
(0.219192 -1.21455e-05 0)
(0.2192 -1.10171e-05 0)
(0.219206 -9.8282e-06 0)
(0.219213 -8.65966e-06 0)
(0.219218 -7.52917e-06 0)
(0.219223 -6.4856e-06 0)
(0.219227 -5.52264e-06 0)
(0.21923 -4.66964e-06 0)
(0.219233 -3.90673e-06 0)
(0.219236 -3.25218e-06 0)
(0.219238 -2.6792e-06 0)
(0.219239 -2.2005e-06 0)
(0.219241 -1.78595e-06 0)
(0.219242 -1.44589e-06 0)
(0.219243 -1.1487e-06 0)
(0.219244 -9.03788e-07 0)
(0.219245 -6.78539e-07 0)
(0.219245 -4.81695e-07 0)
(0.219246 -2.78155e-07 0)
(0.219246 -7.09393e-08 0)
(0.289063 0.000239941 0)
(0.288958 0.00017965 0)
(0.288878 0.000130079 0)
(0.28882 8.99889e-05 0)
(0.288779 5.81547e-05 0)
(0.288752 3.33721e-05 0)
(0.288736 1.45351e-05 0)
(0.288728 6.11939e-07 0)
(0.288726 -9.29809e-06 0)
(0.288728 -1.60054e-05 0)
(0.288734 -2.01871e-05 0)
(0.288741 -2.2437e-05 0)
(0.28875 -2.32294e-05 0)
(0.288759 -2.29729e-05 0)
(0.288768 -2.1977e-05 0)
(0.288777 -2.05058e-05 0)
(0.288785 -1.87452e-05 0)
(0.288792 -1.68542e-05 0)
(0.288799 -1.49322e-05 0)
(0.288805 -1.30673e-05 0)
(0.288811 -1.1302e-05 0)
(0.288815 -9.67921e-06 0)
(0.288819 -8.2069e-06 0)
(0.288823 -6.90122e-06 0)
(0.288826 -5.75088e-06 0)
(0.288828 -4.75755e-06 0)
(0.28883 -3.89999e-06 0)
(0.288832 -3.17276e-06 0)
(0.288833 -2.55e-06 0)
(0.288834 -2.02296e-06 0)
(0.288835 -1.56323e-06 0)
(0.288836 -1.15975e-06 0)
(0.288837 -7.80929e-07 0)
(0.288837 -4.10273e-07 0)
(0.288838 -7.19939e-09 0)
(0.348748 0.000371177 0)
(0.348631 0.000280789 0)
(0.348541 0.000206094 0)
(0.348475 0.000145365 0)
(0.348427 9.6839e-05 0)
(0.348394 5.88008e-05 0)
(0.348373 2.96276e-05 0)
(0.348361 7.83406e-06 0)
(0.348357 -7.91987e-06 0)
(0.348357 -1.88089e-05 0)
(0.348361 -2.58546e-05 0)
(0.348367 -2.99206e-05 0)
(0.348374 -3.17348e-05 0)
(0.348383 -3.1891e-05 0)
(0.348391 -3.08755e-05 0)
(0.3484 -2.90698e-05 0)
(0.348408 -2.67769e-05 0)
(0.348416 -2.42231e-05 0)
(0.348422 -2.15818e-05 0)
(0.348429 -1.89731e-05 0)
(0.348434 -1.64844e-05 0)
(0.348439 -1.41679e-05 0)
(0.348443 -1.20579e-05 0)
(0.348447 -1.0166e-05 0)
(0.34845 -8.49603e-06 0)
(0.348452 -7.03738e-06 0)
(0.348454 -5.77782e-06 0)
(0.348456 -4.69571e-06 0)
(0.348457 -3.77099e-06 0)
(0.348459 -2.97664e-06 0)
(0.34846 -2.28844e-06 0)
(0.348461 -1.67555e-06 0)
(0.348461 -1.10885e-06 0)
(0.348462 -5.49972e-07 0)
(0.348462 4.17518e-08 0)
(0.398438 0.000508519 0)
(0.398321 0.000387707 0)
(0.39823 0.000287467 0)
(0.398162 0.000205611 0)
(0.398112 0.000139885 0)
(0.398078 8.80734e-05 0)
(0.398054 4.80725e-05 0)
(0.39804 1.79367e-05 0)
(0.398033 -4.08664e-06 0)
(0.398032 -1.95511e-05 0)
(0.398034 -2.98025e-05 0)
(0.398038 -3.5993e-05 0)
(0.398045 -3.90874e-05 0)
(0.398052 -3.98861e-05 0)
(0.398059 -3.90368e-05 0)
(0.398067 -3.70602e-05 0)
(0.398074 -3.43622e-05 0)
(0.398081 -3.12574e-05 0)
(0.398088 -2.7979e-05 0)
(0.398093 -2.46996e-05 0)
(0.398098 -2.15373e-05 0)
(0.398103 -1.85728e-05 0)
(0.398107 -1.58523e-05 0)
(0.39811 -1.34011e-05 0)
(0.398113 -1.12237e-05 0)
(0.398115 -9.31455e-06 0)
(0.398118 -7.65611e-06 0)
(0.398119 -6.22708e-06 0)
(0.398121 -4.99893e-06 0)
(0.398122 -3.94268e-06 0)
(0.398123 -3.02407e-06 0)
(0.398124 -2.209e-06 0)
(0.398124 -1.45746e-06 0)
(0.398125 -7.2702e-07 0)
(0.398125 3.39946e-08 0)
(0.438137 0.000638709 0)
(0.438031 0.000489842 0)
(0.437949 0.000365923 0)
(0.437887 0.000264381 0)
(0.43784 0.000182539 0)
(0.437807 0.000117744 0)
(0.437785 6.74634e-05 0)
(0.437771 2.93459e-05 0)
(0.437763 1.26106e-06 0)
(0.43776 -1.8681e-05 0)
(0.437761 -3.21278e-05 0)
(0.437764 -4.04895e-05 0)
(0.437769 -4.49551e-05 0)
(0.437775 -4.65094e-05 0)
(0.437781 -4.5957e-05 0)
(0.437787 -4.39422e-05 0)
(0.437793 -4.09737e-05 0)
(0.437799 -3.74435e-05 0)
(0.437804 -3.36483e-05 0)
(0.437809 -2.98048e-05 0)
(0.437814 -2.60672e-05 0)
(0.437817 -2.25384e-05 0)
(0.437821 -1.92828e-05 0)
(0.437824 -1.6334e-05 0)
(0.437826 -1.37041e-05 0)
(0.437828 -1.13878e-05 0)
(0.43783 -9.36892e-06 0)
(0.437832 -7.62238e-06 0)
(0.437833 -6.11811e-06 0)
(0.437834 -4.82121e-06 0)
(0.437835 -3.69477e-06 0)
(0.437836 -2.69831e-06 0)
(0.437836 -1.78909e-06 0)
(0.437837 -9.18928e-07 0)
(0.437837 -3.50386e-08 0)
(0.467859 0.000749218 0)
(0.467774 0.00057703 0)
(0.467709 0.00043335 0)
(0.467658 0.000315312 0)
(0.467621 0.000219907 0)
(0.467594 0.000144135 0)
(0.467575 8.51178e-05 0)
(0.467563 4.01749e-05 0)
(0.467556 6.87056e-06 0)
(0.467553 -1.69635e-05 0)
(0.467553 -3.32205e-05 0)
(0.467555 -4.35262e-05 0)
(0.467558 -4.92533e-05 0)
(0.467562 -5.1543e-05 0)
(0.467567 -5.13281e-05 0)
(0.467571 -4.93596e-05 0)
(0.467576 -4.62305e-05 0)
(0.46758 -4.24008e-05 0)
(0.467585 -3.82189e-05 0)
(0.467588 -3.39419e-05 0)
(0.467592 -2.97529e-05 0)
(0.467595 -2.57766e-05 0)
(0.467597 -2.20912e-05 0)
(0.467599 -1.87406e-05 0)
(0.467601 -1.57416e-05 0)
(0.467603 -1.30922e-05 0)
(0.467604 -1.0776e-05 0)
(0.467606 -8.76767e-06 0)
(0.467607 -7.03464e-06 0)
(0.467608 -5.54052e-06 0)
(0.467608 -4.24551e-06 0)
(0.467609 -3.10789e-06 0)
(0.467609 -2.08314e-06 0)
(0.46761 -1.12382e-06 0)
(0.467611 -1.78717e-07 0)
(0.48762 0.000829406 0)
(0.487566 0.000640546 0)
(0.487524 0.000482699 0)
(0.487491 0.000352798 0)
(0.487467 0.000247608 0)
(0.487449 0.000163889 0)
(0.487437 9.8524e-05 0)
(0.487429 4.86007e-05 0)
(0.487424 1.14687e-05 0)
(0.487422 -1.5237e-05 0)
(0.487421 -3.35841e-05 0)
(0.487422 -4.53519e-05 0)
(0.487424 -5.20442e-05 0)
(0.487426 -5.49142e-05 0)
(0.487429 -5.49872e-05 0)
(0.487432 -5.30907e-05 0)
(0.487435 -4.98789e-05 0)
(0.487438 -4.58613e-05 0)
(0.48744 -4.14237e-05 0)
(0.487443 -3.6853e-05 0)
(0.487445 -3.23534e-05 0)
(0.487447 -2.8066e-05 0)
(0.487448 -2.40794e-05 0)
(0.48745 -2.04453e-05 0)
(0.487451 -1.71843e-05 0)
(0.487452 -1.42974e-05 0)
(0.487453 -1.17686e-05 0)
(0.487454 -9.57297e-06 0)
(0.487454 -7.67709e-06 0)
(0.487455 -6.04468e-06 0)
(0.487456 -4.63529e-06 0)
(0.487456 -3.40851e-06 0)
(0.487457 -2.32128e-06 0)
(0.487457 -1.33096e-06 0)
(0.487458 -3.92241e-07 0)
(0.497443 0.000871546 0)
(0.497424 0.000674012 0)
(0.497409 0.000508773 0)
(0.497398 0.00037267 0)
(0.497389 0.000262351 0)
(0.497383 0.000174458 0)
(0.497379 0.000105748 0)
(0.497376 5.31942e-05 0)
(0.497374 1.40329e-05 0)
(0.497373 -1.41999e-05 0)
(0.497373 -3.36645e-05 0)
(0.497374 -4.6218e-05 0)
(0.497374 -5.34346e-05 0)
(0.497375 -5.66237e-05 0)
(0.497376 -5.68612e-05 0)
(0.497377 -5.50128e-05 0)
(0.497378 -5.17668e-05 0)
(0.497379 -4.76566e-05 0)
(0.49738 -4.30901e-05 0)
(0.497381 -3.83678e-05 0)
(0.497382 -3.37075e-05 0)
(0.497382 -2.92565e-05 0)
(0.497383 -2.51117e-05 0)
(0.497383 -2.13266e-05 0)
(0.497384 -1.79265e-05 0)
(0.497384 -1.49119e-05 0)
(0.497385 -1.22697e-05 0)
(0.497385 -9.97374e-06 0)
(0.497385 -7.99313e-06 0)
(0.497386 -6.29071e-06 0)
(0.497386 -4.82981e-06 0)
(0.497386 -3.57093e-06 0)
(0.497387 -2.4778e-06 0)
(0.497387 -1.51275e-06 0)
(0.497388 -6.42537e-07 0)
(0.497345 0.000871576 0)
(0.497363 0.000674051 0)
(0.497378 0.000508813 0)
(0.497389 0.000372702 0)
(0.497397 0.000262372 0)
(0.497403 0.000174463 0)
(0.497407 0.000105738 0)
(0.49741 5.317e-05 0)
(0.497412 1.39967e-05 0)
(0.497413 -1.42466e-05 0)
(0.497413 -3.37185e-05 0)
(0.497413 -4.62775e-05 0)
(0.497412 -5.34965e-05 0)
(0.497412 -5.66866e-05 0)
(0.497411 -5.69223e-05 0)
(0.49741 -5.50711e-05 0)
(0.497409 -5.18202e-05 0)
(0.497408 -4.77045e-05 0)
(0.497408 -4.31308e-05 0)
(0.497407 -3.8401e-05 0)
(0.497406 -3.37318e-05 0)
(0.497406 -2.92719e-05 0)
(0.497405 -2.51172e-05 0)
(0.497405 -2.13225e-05 0)
(0.497405 -1.79122e-05 0)
(0.497404 -1.48885e-05 0)
(0.497404 -1.22378e-05 0)
(0.497404 -9.9359e-06 0)
(0.497404 -7.95237e-06 0)
(0.497404 -6.25344e-06 0)
(0.497404 -4.80433e-06 0)
(0.497404 -3.57142e-06 0)
(0.497404 -2.52346e-06 0)
(0.497405 -1.63297e-06 0)
(0.497405 -8.77442e-07 0)
(0.48734 0.000829483 0)
(0.487394 0.000640651 0)
(0.487436 0.000482805 0)
(0.487469 0.000352881 0)
(0.487493 0.000247658 0)
(0.487511 0.000163896 0)
(0.487523 9.84902e-05 0)
(0.487531 4.85249e-05 0)
(0.487536 1.13601e-05 0)
(0.487538 -1.5376e-05 0)
(0.487538 -3.37421e-05 0)
(0.487538 -4.55261e-05 0)
(0.487536 -5.22235e-05 0)
(0.487534 -5.50967e-05 0)
(0.487531 -5.5163e-05 0)
(0.487528 -5.32594e-05 0)
(0.487526 -5.00318e-05 0)
(0.487523 -4.59991e-05 0)
(0.487521 -4.1539e-05 0)
(0.487518 -3.69477e-05 0)
(0.487516 -3.24209e-05 0)
(0.487515 -2.81087e-05 0)
(0.487513 -2.40919e-05 0)
(0.487512 -2.0431e-05 0)
(0.487511 -1.7139e-05 0)
(0.48751 -1.42267e-05 0)
(0.487509 -1.16713e-05 0)
(0.487508 -9.45916e-06 0)
(0.487508 -7.55268e-06 0)
(0.487508 -5.9302e-06 0)
(0.487507 -4.55188e-06 0)
(0.487507 -3.39862e-06 0)
(0.487507 -2.43703e-06 0)
(0.487508 -1.65827e-06 0)
(0.487508 -1.04266e-06 0)
(0.467436 0.000749304 0)
(0.46752 0.000577171 0)
(0.467585 0.000433479 0)
(0.467635 0.000315421 0)
(0.467673 0.000219953 0)
(0.4677 0.000144131 0)
(0.467718 8.50391e-05 0)
(0.46773 4.00491e-05 0)
(0.467737 6.68251e-06 0)
(0.46774 -1.71807e-05 0)
(0.46774 -3.34792e-05 0)
(0.467739 -4.37927e-05 0)
(0.467736 -4.95403e-05 0)
(0.467732 -5.18183e-05 0)
(0.467727 -5.16061e-05 0)
(0.467723 -4.96104e-05 0)
(0.467718 -4.64703e-05 0)
(0.467714 -4.26018e-05 0)
(0.46771 -3.83987e-05 0)
(0.467707 -3.40745e-05 0)
(0.467703 -2.98571e-05 0)
(0.467701 -2.58276e-05 0)
(0.467698 -2.2109e-05 0)
(0.467696 -1.87021e-05 0)
(0.467694 -1.56684e-05 0)
(0.467693 -1.29646e-05 0)
(0.467691 -1.06197e-05 0)
(0.46769 -8.57012e-06 0)
(0.467689 -6.83176e-06 0)
(0.467689 -5.33529e-06 0)
(0.467688 -4.09662e-06 0)
(0.467688 -3.05059e-06 0)
(0.467688 -2.22246e-06 0)
(0.467688 -1.55999e-06 0)
(0.467689 -1.1067e-06 0)
(0.43763 0.000638782 0)
(0.437735 0.000489953 0)
(0.437818 0.000366047 0)
(0.43788 0.000264453 0)
(0.437926 0.000182564 0)
(0.437959 0.000117684 0)
(0.437982 6.73442e-05 0)
(0.437996 2.91458e-05 0)
(0.438004 1.01774e-06 0)
(0.438007 -1.89831e-05 0)
(0.438006 -3.24481e-05 0)
(0.438003 -4.08427e-05 0)
(0.437998 -4.53016e-05 0)
(0.437993 -4.68655e-05 0)
(0.437987 -4.62854e-05 0)
(0.437981 -4.42616e-05 0)
(0.437975 -4.12495e-05 0)
(0.437969 -3.76965e-05 0)
(0.437964 -3.3846e-05 0)
(0.437959 -2.99695e-05 0)
(0.437955 -2.61682e-05 0)
(0.437951 -2.25991e-05 0)
(0.437948 -1.92743e-05 0)
(0.437945 -1.62811e-05 0)
(0.437942 -1.35804e-05 0)
(0.43794 -1.12213e-05 0)
(0.437939 -9.13869e-06 0)
(0.437937 -7.36407e-06 0)
(0.437936 -5.82294e-06 0)
(0.437936 -4.54288e-06 0)
(0.437935 -3.45085e-06 0)
(0.437935 -2.58039e-06 0)
(0.437934 -1.8687e-06 0)
(0.437935 -1.36477e-06 0)
(0.437935 -1.0252e-06 0)
(0.397915 0.000508547 0)
(0.398032 0.000387763 0)
(0.398122 0.000287541 0)
(0.39819 0.000205619 0)
(0.39824 0.000139854 0)
(0.398275 8.79464e-05 0)
(0.398298 4.78971e-05 0)
(0.398312 1.76732e-05 0)
(0.398319 -4.3808e-06 0)
(0.398321 -1.99093e-05 0)
(0.398319 -3.01647e-05 0)
(0.398315 -3.63919e-05 0)
(0.398309 -3.94648e-05 0)
(0.398301 -4.02759e-05 0)
(0.398294 -3.93842e-05 0)
(0.398286 -3.74009e-05 0)
(0.398279 -3.4645e-05 0)
(0.398272 -3.15191e-05 0)
(0.398266 -2.81717e-05 0)
(0.39826 -2.48607e-05 0)
(0.398255 -2.16217e-05 0)
(0.398251 -1.8618e-05 0)
(0.398247 -1.58157e-05 0)
(0.398244 -1.33209e-05 0)
(0.398241 -1.10603e-05 0)
(0.398239 -9.1089e-06 0)
(0.398237 -7.37412e-06 0)
(0.398235 -5.91731e-06 0)
(0.398234 -4.63902e-06 0)
(0.398233 -3.59929e-06 0)
(0.398233 -2.69996e-06 0)
(0.398232 -2.00913e-06 0)
(0.398232 -1.43775e-06 0)
(0.398232 -1.07036e-06 0)
(0.398232 -8.37299e-07 0)
(0.348277 0.0003711 0)
(0.348394 0.00028082 0)
(0.348484 0.00020604 0)
(0.34855 0.000145343 0)
(0.348598 9.66845e-05 0)
(0.348631 5.86561e-05 0)
(0.348652 2.93475e-05 0)
(0.348664 7.57409e-06 0)
(0.348669 -8.29597e-06 0)
(0.348669 -1.91419e-05 0)
(0.348665 -2.62778e-05 0)
(0.348659 -3.02763e-05 0)
(0.348651 -3.21561e-05 0)
(0.348643 -3.22244e-05 0)
(0.348634 -3.12546e-05 0)
(0.348626 -2.93458e-05 0)
(0.348618 -2.70834e-05 0)
(0.34861 -2.4416e-05 0)
(0.348603 -2.17939e-05 0)
(0.348597 -1.90646e-05 0)
(0.348592 -1.65866e-05 0)
(0.348587 -1.41451e-05 0)
(0.348583 -1.20398e-05 0)
(0.34858 -1.00205e-05 0)
(0.348577 -8.35279e-06 0)
(0.348574 -6.76854e-06 0)
(0.348572 -5.51649e-06 0)
(0.348571 -4.32068e-06 0)
(0.34857 -3.42589e-06 0)
(0.348569 -2.55431e-06 0)
(0.348568 -1.956e-06 0)
(0.348568 -1.35661e-06 0)
(0.348567 -1.01844e-06 0)
(0.348567 -6.78486e-07 0)
(0.348568 -6.17101e-07 0)
(0.288701 0.000239784 0)
(0.288806 0.000179478 0)
(0.288886 0.000129953 0)
(0.288944 8.979e-05 0)
(0.288985 5.7967e-05 0)
(0.289012 3.3097e-05 0)
(0.289029 1.42702e-05 0)
(0.289037 2.68521e-07 0)
(0.289039 -9.61682e-06 0)
(0.289037 -1.63845e-05 0)
(0.289031 -2.0523e-05 0)
(0.289024 -2.28143e-05 0)
(0.289015 -2.35466e-05 0)
(0.289006 -2.33155e-05 0)
(0.288997 -2.22465e-05 0)
(0.288988 -2.07883e-05 0)
(0.28898 -1.89451e-05 0)
(0.288973 -1.70579e-05 0)
(0.288966 -1.50469e-05 0)
(0.28896 -1.31788e-05 0)
(0.288954 -1.13197e-05 0)
(0.28895 -9.68823e-06 0)
(0.288946 -8.1187e-06 0)
(0.288943 -6.8006e-06 0)
(0.28894 -5.55126e-06 0)
(0.288938 -4.545e-06 0)
(0.288936 -3.59104e-06 0)
(0.288934 -2.8584e-06 0)
(0.288933 -2.15372e-06 0)
(0.288932 -1.64764e-06 0)
(0.288932 -1.14859e-06 0)
(0.288931 -8.33263e-07 0)
(0.288931 -5.1621e-07 0)
(0.288931 -3.84615e-07 0)
(0.288931 -2.65588e-07 0)
(0.219169 0.000127176 0)
(0.219253 9.38255e-05 0)
(0.219315 6.66105e-05 0)
(0.219359 4.46869e-05 0)
(0.219389 2.7459e-05 0)
(0.219408 1.41161e-05 0)
(0.219419 4.14074e-06 0)
(0.219422 -3.17142e-06 0)
(0.219421 -8.21521e-06 0)
(0.219417 -1.15639e-05 0)
(0.219411 -1.34831e-05 0)
(0.219403 -1.44196e-05 0)
(0.219394 -1.45239e-05 0)
(0.219385 -1.41353e-05 0)
(0.219377 -1.33124e-05 0)
(0.219369 -1.23103e-05 0)
(0.219361 -1.11204e-05 0)
(0.219354 -9.93616e-06 0)
(0.219348 -8.70351e-06 0)
(0.219343 -7.57332e-06 0)
(0.219338 -6.46334e-06 0)
(0.219334 -5.4965e-06 0)
(0.219331 -4.5749e-06 0)
(0.219328 -3.80445e-06 0)
(0.219326 -3.07944e-06 0)
(0.219324 -2.49685e-06 0)
(0.219323 -1.94761e-06 0)
(0.219321 -1.52593e-06 0)
(0.219321 -1.1218e-06 0)
(0.21932 -8.31194e-07 0)
(0.21932 -5.44766e-07 0)
(0.219319 -3.63301e-07 0)
(0.219319 -1.79437e-07 0)
(0.219319 -1.01313e-07 0)
(0.21932 -2.7919e-08 0)
(0.139666 4.43301e-05 0)
(0.139719 3.1992e-05 0)
(0.139758 2.18924e-05 0)
(0.139784 1.39907e-05 0)
(0.139802 7.7277e-06 0)
(0.139812 3.0897e-06 0)
(0.139816 -4.42114e-07 0)
(0.139816 -2.83259e-06 0)
(0.139813 -4.54556e-06 0)
(0.139808 -5.49231e-06 0)
(0.139802 -6.08088e-06 0)
(0.139795 -6.17439e-06 0)
(0.139788 -6.13149e-06 0)
(0.139781 -5.77712e-06 0)
(0.139774 -5.42962e-06 0)
(0.139768 -4.88676e-06 0)
(0.139763 -4.43572e-06 0)
(0.139757 -3.85713e-06 0)
(0.139753 -3.41493e-06 0)
(0.139749 -2.88061e-06 0)
(0.139746 -2.50127e-06 0)
(0.139743 -2.04499e-06 0)
(0.139741 -1.74714e-06 0)
(0.139739 -1.37533e-06 0)
(0.139737 -1.15777e-06 0)
(0.139736 -8.62307e-07 0)
(0.139735 -7.14521e-07 0)
(0.139734 -4.8154e-07 0)
(0.139733 -3.90115e-07 0)
(0.139733 -2.06051e-07 0)
(0.139733 -1.60164e-07 0)
(0.139733 -1.73609e-08 0)
(0.139733 -1.22712e-08 0)
(0.139733 9.05366e-08 0)
(0.139733 5.18584e-08 0)
(0.0501718 3.69799e-06 0)
(0.0501903 2.45802e-06 0)
(0.0502031 1.4673e-06 0)
(0.0502115 6.89819e-07 0)
(0.0502164 1.00736e-07 0)
(0.0502186 -3.34588e-07 0)
(0.0502189 -6.37255e-07 0)
(0.0502177 -8.376e-07 0)
(0.0502156 -9.51236e-07 0)
(0.0502128 -1.00314e-06 0)
(0.0502097 -1.00317e-06 0)
(0.0502065 -9.71042e-07 0)
(0.0502033 -9.11487e-07 0)
(0.0502002 -8.39744e-07 0)
(0.0501974 -7.56412e-07 0)
(0.0501947 -6.73223e-07 0)
(0.0501924 -5.87779e-07 0)
(0.0501903 -5.09267e-07 0)
(0.0501884 -4.33301e-07 0)
(0.0501869 -3.67333e-07 0)
(0.0501855 -3.05914e-07 0)
(0.0501844 -2.54949e-07 0)
(0.0501834 -2.08845e-07 0)
(0.0501827 -1.72598e-07 0)
(0.0501821 -1.40452e-07 0)
(0.0501816 -1.17024e-07 0)
(0.0501812 -9.63027e-08 0)
(0.0501809 -8.27525e-08 0)
(0.0501807 -7.02254e-08 0)
(0.0501806 -6.26894e-08 0)
(0.0501805 -5.36723e-08 0)
(0.0501805 -4.66798e-08 0)
(0.0501805 -3.48283e-08 0)
(0.0501806 -2.44736e-08 0)
(0.0501807 -1.18008e-08 0)
(0.0501648 1.05757e-08 0)
(0.0501648 -2.84154e-08 0)
(0.0501648 -7.95834e-08 0)
(0.0501648 -1.06086e-07 0)
(0.0501647 7.78536e-08 0)
(0.050164 3.99912e-07 0)
(0.0501624 -3.929e-07 0)
(0.0501626 -2.42013e-06 0)
(0.0501608 1.47045e-06 0)
(0.0501513 6.69145e-06 0)
(0.139687 7.61547e-08 0)
(0.139687 2.17158e-07 0)
(0.139687 3.40072e-07 0)
(0.139687 4.63397e-07 0)
(0.139686 7.38431e-07 0)
(0.139684 1.48163e-06 0)
(0.139682 2.15126e-06 0)
(0.139681 3.78222e-06 0)
(0.139677 6.56606e-06 0)
(0.139673 1.07667e-05 0)
(0.219246 1.82732e-07 0)
(0.219246 4.84385e-07 0)
(0.219246 8.81247e-07 0)
(0.219246 1.42139e-06 0)
(0.219245 2.26868e-06 0)
(0.219242 3.43116e-06 0)
(0.219238 4.49595e-06 0)
(0.219238 6.26891e-06 0)
(0.219235 1.05912e-05 0)
(0.219227 1.53307e-05 0)
(0.288838 4.5723e-07 0)
(0.288838 1.03564e-06 0)
(0.288838 1.7769e-06 0)
(0.288837 2.78155e-06 0)
(0.288836 4.14205e-06 0)
(0.288833 5.84136e-06 0)
(0.28883 7.79057e-06 0)
(0.28883 1.09039e-05 0)
(0.288828 1.53584e-05 0)
(0.288819 1.88712e-05 0)
(0.348463 7.18473e-07 0)
(0.348463 1.53737e-06 0)
(0.348462 2.58039e-06 0)
(0.348462 3.95143e-06 0)
(0.348461 5.72266e-06 0)
(0.348459 7.81202e-06 0)
(0.348456 1.02234e-05 0)
(0.348457 1.39792e-05 0)
(0.348456 1.86454e-05 0)
(0.348449 2.17985e-05 0)
(0.398126 8.81444e-07 0)
(0.398126 1.88363e-06 0)
(0.398126 3.12796e-06 0)
(0.398126 4.7257e-06 0)
(0.398126 6.72832e-06 0)
(0.398124 9.03553e-06 0)
(0.398122 1.16325e-05 0)
(0.398125 1.55049e-05 0)
(0.398125 1.99309e-05 0)
(0.39812 2.26462e-05 0)
(0.437838 9.21581e-07 0)
(0.437838 2.01788e-06 0)
(0.437838 3.34195e-06 0)
(0.437839 4.99378e-06 0)
(0.437839 7.01423e-06 0)
(0.437838 9.30572e-06 0)
(0.437837 1.18627e-05 0)
(0.437842 1.53902e-05 0)
(0.437844 1.92854e-05 0)
(0.43784 2.1448e-05 0)
(0.467611 8.06156e-07 0)
(0.467612 1.89127e-06 0)
(0.467612 3.1514e-06 0)
(0.467613 4.66969e-06 0)
(0.467614 6.47127e-06 0)
(0.467614 8.47156e-06 0)
(0.467614 1.06343e-05 0)
(0.46762 1.35603e-05 0)
(0.467624 1.65389e-05 0)
(0.467623 1.80991e-05 0)
(0.487458 5.38783e-07 0)
(0.487459 1.50915e-06 0)
(0.48746 2.57241e-06 0)
(0.487461 3.78294e-06 0)
(0.487463 5.15142e-06 0)
(0.487463 6.61544e-06 0)
(0.487464 8.16617e-06 0)
(0.487471 1.00444e-05 0)
(0.487476 1.19278e-05 0)
(0.487477 1.27814e-05 0)
(0.497388 1.64996e-07 0)
(0.497389 9.36813e-07 0)
(0.49739 1.70274e-06 0)
(0.497392 2.4847e-06 0)
(0.497394 3.27732e-06 0)
(0.497394 4.03702e-06 0)
(0.497396 4.72421e-06 0)
(0.497404 5.48624e-06 0)
(0.49741 5.98687e-06 0)
(0.497411 6.09061e-06 0)
(0.497406 -2.412e-07 0)
(0.497407 2.83976e-07 0)
(0.497408 6.98108e-07 0)
(0.497409 9.88938e-07 0)
(0.497411 1.13806e-06 0)
(0.497411 1.13051e-06 0)
(0.497413 9.61147e-07 0)
(0.497422 4.05182e-07 0)
(0.497428 -4.31521e-07 0)
(0.497429 -1.11232e-06 0)
(0.487509 -5.99392e-07 0)
(0.487509 -3.29683e-07 0)
(0.48751 -2.7021e-07 0)
(0.487512 -4.52557e-07 0)
(0.487514 -9.18717e-07 0)
(0.487514 -1.64664e-06 0)
(0.487515 -2.6793e-06 0)
(0.487523 -4.34582e-06 0)
(0.487529 -6.50083e-06 0)
(0.487529 -7.88472e-06 0)
(0.467689 -8.31394e-07 0)
(0.46769 -8.04293e-07 0)
(0.467691 -1.03183e-06 0)
(0.467692 -1.62676e-06 0)
(0.467693 -2.58795e-06 0)
(0.467693 -3.90268e-06 0)
(0.467693 -5.54746e-06 0)
(0.4677 -8.21152e-06 0)
(0.467705 -1.13949e-05 0)
(0.467704 -1.33713e-05 0)
(0.437935 -9.22988e-07 0)
(0.437935 -1.04287e-06 0)
(0.437936 -1.50168e-06 0)
(0.437937 -2.33844e-06 0)
(0.437938 -3.63663e-06 0)
(0.437937 -5.28479e-06 0)
(0.437936 -7.3504e-06 0)
(0.437942 -1.06043e-05 0)
(0.437945 -1.45321e-05 0)
(0.437942 -1.69791e-05 0)
(0.398232 -8.44304e-07 0)
(0.398232 -1.05085e-06 0)
(0.398233 -1.60815e-06 0)
(0.398233 -2.53714e-06 0)
(0.398233 -3.96397e-06 0)
(0.398232 -5.71289e-06 0)
(0.398231 -7.85216e-06 0)
(0.398234 -1.13521e-05 0)
(0.398236 -1.57181e-05 0)
(0.398231 -1.8527e-05 0)
(0.348568 -5.90615e-07 0)
(0.348568 -8.99368e-07 0)
(0.348568 -1.3581e-06 0)
(0.348568 -2.31884e-06 0)
(0.348568 -3.59629e-06 0)
(0.348566 -5.29105e-06 0)
(0.348563 -7.22333e-06 0)
(0.348566 -1.06224e-05 0)
(0.348566 -1.50114e-05 0)
(0.348559 -1.81473e-05 0)
(0.288932 -3.58106e-07 0)
(0.288932 -5.13404e-07 0)
(0.288931 -9.65281e-07 0)
(0.288931 -1.64265e-06 0)
(0.288931 -2.76153e-06 0)
(0.288928 -4.09861e-06 0)
(0.288926 -5.60655e-06 0)
(0.288927 -8.31866e-06 0)
(0.288926 -1.25049e-05 0)
(0.288918 -1.57934e-05 0)
(0.21932 -7.59601e-08 0)
(0.21932 -1.59578e-07 0)
(0.21932 -4.18483e-07 0)
(0.219319 -8.14261e-07 0)
(0.219319 -1.53018e-06 0)
(0.219317 -2.40292e-06 0)
(0.219314 -3.16693e-06 0)
(0.219314 -4.63569e-06 0)
(0.219313 -8.49391e-06 0)
(0.219305 -1.28663e-05 0)
(0.139734 9.31133e-08 0)
(0.139734 -2.9035e-08 0)
(0.139734 -7.9778e-08 0)
(0.139734 -2.3682e-07 0)
(0.139733 -4.03262e-07 0)
(0.139732 -1.00342e-06 0)
(0.13973 -1.6606e-06 0)
(0.13973 -2.89241e-06 0)
(0.139726 -4.89454e-06 0)
(0.139722 -8.79733e-06 0)
(0.0501807 -8.10321e-10 0)
(0.0501808 2.97572e-08 0)
(0.0501808 8.32678e-08 0)
(0.0501808 1.21039e-07 0)
(0.0501809 -5.01143e-08 0)
(0.0501803 -4.06053e-07 0)
(0.0501789 3.45527e-07 0)
(0.0501794 2.4603e-06 0)
(0.0501783 -1.21382e-06 0)
(0.0501699 -6.07462e-06 0)
)
;

boundaryField
{
    inlet
    {
        type            fixedValue;
        value           uniform (0.667 0 0);
    }
    outlet
    {
        type            zeroGradient;
    }
    upperWall
    {
        type            noSlip;
    }
    lowerWall
    {
        type            noSlip;
    }
    frontAndBack
    {
        type            empty;
    }
}


// ************************************************************************* //
