/*--------------------------------*- C++ -*----------------------------------*\
| =========                 |                                                 |
| \\      /  F ield         | OpenFOAM: The Open Source CFD Toolbox           |
|  \\    /   O peration     | Version:  2406                                  |
|   \\  /    A nd           | Website:  www.openfoam.com                      |
|    \\/     M anipulation  |                                                 |
\*---------------------------------------------------------------------------*/
FoamFile
{
    version     2.0;
    format      ascii;
    arch        "LSB;label=32;scalar=64";
    class       volVectorField;
    location    "22";
    object      U;
}
// * * * * * * * * * * * * * * * * * * * * * * * * * * * * * * * * * * * * * //

dimensions      [0 1 -1 0 0 0 0];

internalField   nonuniform List<vector> 
2000
(
(0.512951 0.0699505 0)
(0.432372 0.0682863 0)
(0.327544 0.036186 0)
(0.246262 0.018355 0)
(0.197728 0.0102897 0)
(0.167547 0.00595957 0)
(0.147554 0.00352833 0)
(0.133977 0.00217849 0)
(0.124575 0.00140137 0)
(0.117929 0.000929853 0)
(0.67697 0.145356 0)
(0.678522 0.191413 0)
(0.616606 0.147804 0)
(0.539742 0.101979 0)
(0.476105 0.0687352 0)
(0.427105 0.0463697 0)
(0.389851 0.0317056 0)
(0.361854 0.0220801 0)
(0.340935 0.015649 0)
(0.325302 0.0112558 0)
(0.680193 0.112276 0)
(0.718495 0.191362 0)
(0.717947 0.185875 0)
(0.687895 0.154178 0)
(0.647712 0.119617 0)
(0.607866 0.0899647 0)
(0.572513 0.0668822 0)
(0.542947 0.0496274 0)
(0.519075 0.0368959 0)
(0.500196 0.0275135 0)
(0.674561 0.0737376 0)
(0.713636 0.156035 0)
(0.741174 0.17997 0)
(0.746975 0.170777 0)
(0.736345 0.147365 0)
(0.717271 0.120638 0)
(0.69541 0.0958615 0)
(0.674093 0.0748992 0)
(0.654997 0.0579503 0)
(0.638734 0.0445693 0)
(0.671559 0.0496611 0)
(0.702433 0.119681 0)
(0.73658 0.154061 0)
(0.7609 0.160608 0)
(0.772355 0.150136 0)
(0.773698 0.131457 0)
(0.768611 0.110402 0)
(0.760184 0.0902103 0)
(0.75061 0.0723479 0)
(0.741227 0.0572613 0)
(0.669731 0.0337792 0)
(0.69277 0.0881586 0)
(0.724996 0.122074 0)
(0.756044 0.1361 0)
(0.780167 0.135125 0)
(0.79648 0.124731 0)
(0.806108 0.109598 0)
(0.810776 0.0930141 0)
(0.812177 0.0769737 0)
(0.81165 0.0625106 0)
(0.668674 0.0226011 0)
(0.685944 0.0622229 0)
(0.713977 0.0905897 0)
(0.745732 0.10595 0)
(0.775573 0.109966 0)
(0.800986 0.105668 0)
(0.821258 0.0961966 0)
(0.83669 0.0841752 0)
(0.848075 0.0714903 0)
(0.856306 0.0593345 0)
(0.668109 0.0144128 0)
(0.681561 0.0410824 0)
(0.705651 0.0618344 0)
(0.735849 0.0747273 0)
(0.76748 0.0800161 0)
(0.797616 0.0791407 0)
(0.824568 0.0739491 0)
(0.847614 0.0662122 0)
(0.866711 0.057364 0)
(0.88219 0.0484247 0)
(0.667821 0.00802305 0)
(0.679 0.0233398 0)
(0.700286 0.0358437 0)
(0.728688 0.0442094 0)
(0.760425 0.0482845 0)
(0.79264 0.0486548 0)
(0.823243 0.0462471 0)
(0.850926 0.0420476 0)
(0.87508 0.0369216 0)
(0.895578 0.0315321 0)
(0.667699 0.00257658 0)
(0.677825 0.00756583 0)
(0.697687 0.0117297 0)
(0.725009 0.0146095 0)
(0.7565 0.0161104 0)
(0.789431 0.0163833 0)
(0.821589 0.0157054 0)
(0.85142 0.0143894 0)
(0.878036 0.0127217 0)
(0.901068 0.0109298 0)
(0.667699 -0.0025767 0)
(0.677825 -0.0075664 0)
(0.697687 -0.0117301 0)
(0.725009 -0.0146098 0)
(0.7565 -0.0161109 0)
(0.789431 -0.0163838 0)
(0.821589 -0.0157056 0)
(0.85142 -0.0143889 0)
(0.878036 -0.0127196 0)
(0.901068 -0.0109252 0)
(0.667821 -0.00802346 0)
(0.679001 -0.0233404 0)
(0.700287 -0.0358444 0)
(0.728689 -0.0442101 0)
(0.760426 -0.0482854 0)
(0.792641 -0.0486557 0)
(0.823244 -0.0462478 0)
(0.850928 -0.0420475 0)
(0.875082 -0.03692 0)
(0.895581 -0.0315279 0)
(0.668109 -0.0144127 0)
(0.681562 -0.0410818 0)
(0.705653 -0.0618332 0)
(0.735851 -0.0747269 0)
(0.767482 -0.080017 0)
(0.797618 -0.0791423 0)
(0.824571 -0.0739508 0)
(0.847616 -0.0662132 0)
(0.866715 -0.0573634 0)
(0.882195 -0.0484216 0)
(0.668674 -0.0226 0)
(0.685946 -0.0622212 0)
(0.713979 -0.0905886 0)
(0.745732 -0.10595 0)
(0.775574 -0.109968 0)
(0.800988 -0.10567 0)
(0.821261 -0.0961992 0)
(0.836695 -0.0841773 0)
(0.848081 -0.071491 0)
(0.856312 -0.0593329 0)
(0.669732 -0.0337809 0)
(0.692772 -0.0881634 0)
(0.724997 -0.122078 0)
(0.756046 -0.136102 0)
(0.780169 -0.135125 0)
(0.796483 -0.12473 0)
(0.806112 -0.109598 0)
(0.810782 -0.0930138 0)
(0.812184 -0.076973 0)
(0.811658 -0.0625088 0)
(0.671559 -0.0496661 0)
(0.702437 -0.119691 0)
(0.736588 -0.154066 0)
(0.760907 -0.160605 0)
(0.772361 -0.150128 0)
(0.773703 -0.131447 0)
(0.768616 -0.110393 0)
(0.76019 -0.0902034 0)
(0.750617 -0.0723428 0)
(0.741235 -0.0572569 0)
(0.674561 -0.0737384 0)
(0.71364 -0.156031 0)
(0.74119 -0.179964 0)
(0.746989 -0.170766 0)
(0.736355 -0.147351 0)
(0.717276 -0.120624 0)
(0.695413 -0.0958492 0)
(0.674095 -0.0748896 0)
(0.655001 -0.0579433 0)
(0.63874 -0.0445641 0)
(0.680195 -0.112267 0)
(0.718501 -0.191348 0)
(0.71796 -0.185859 0)
(0.687908 -0.154166 0)
(0.647718 -0.11961 0)
(0.607867 -0.0899611 0)
(0.572512 -0.0668798 0)
(0.542946 -0.0496254 0)
(0.519076 -0.0368943 0)
(0.500199 -0.0275124 0)
(0.676969 -0.145348 0)
(0.678526 -0.191405 0)
(0.616613 -0.147796 0)
(0.539743 -0.101978 0)
(0.476102 -0.0687406 0)
(0.427103 -0.0463768 0)
(0.389849 -0.0317118 0)
(0.361854 -0.0220848 0)
(0.340935 -0.0156526 0)
(0.325303 -0.0112587 0)
(0.512949 -0.069948 0)
(0.432369 -0.0682833 0)
(0.32754 -0.0361885 0)
(0.246258 -0.0183595 0)
(0.197723 -0.0102957 0)
(0.167545 -0.00596695 0)
(0.147554 -0.00353532 0)
(0.133978 -0.0021837 0)
(0.124575 -0.00140494 0)
(0.11793 -0.00093242 0)
(0.113152 0.000632177 0)
(0.109678 0.000438393 0)
(0.10713 0.000308417 0)
(0.105255 0.000218758 0)
(0.103874 0.000155487 0)
(0.102859 0.000110255 0)
(0.102114 7.77699e-05 0)
(0.101571 5.44913e-05 0)
(0.101177 3.78821e-05 0)
(0.100895 2.60913e-05 0)
(0.100694 1.77547e-05 0)
(0.100554 1.1882e-05 0)
(0.100458 7.76909e-06 0)
(0.100394 4.9077e-06 0)
(0.100352 2.94744e-06 0)
(0.100327 1.62229e-06 0)
(0.100313 7.56108e-07 0)
(0.100306 2.00491e-07 0)
(0.100305 -1.30487e-07 0)
(0.100306 -3.22251e-07 0)
(0.10031 -4.10909e-07 0)
(0.100314 -4.47522e-07 0)
(0.100319 -4.40212e-07 0)
(0.100323 -4.21872e-07 0)
(0.100328 -3.85697e-07 0)
(0.100332 -3.55918e-07 0)
(0.100336 -3.18177e-07 0)
(0.100339 -2.93023e-07 0)
(0.100342 -2.62261e-07 0)
(0.100344 -2.4522e-07 0)
(0.100347 -2.21804e-07 0)
(0.100349 -2.11295e-07 0)
(0.10035 -1.92701e-07 0)
(0.100352 -1.85786e-07 0)
(0.100353 -1.69238e-07 0)
(0.313595 0.00818962 0)
(0.304813 0.00600722 0)
(0.298219 0.00442785 0)
(0.293269 0.00327028 0)
(0.28956 0.00241457 0)
(0.286788 0.00177882 0)
(0.284724 0.00130539 0)
(0.283195 0.000952698 0)
(0.282068 0.000690253 0)
(0.281243 0.00049546 0)
(0.280646 0.000351457 0)
(0.280218 0.0002456 0)
(0.279914 0.000168346 0)
(0.279703 0.000112498 0)
(0.279559 7.25762e-05 0)
(0.279463 4.44571e-05 0)
(0.279402 2.49927e-05 0)
(0.279366 1.18397e-05 0)
(0.279346 3.21037e-06 0)
(0.279337 -2.19572e-06 0)
(0.279336 -5.37205e-06 0)
(0.279339 -7.01363e-06 0)
(0.279345 -7.65603e-06 0)
(0.279352 -7.6489e-06 0)
(0.27936 -7.2692e-06 0)
(0.279368 -6.67435e-06 0)
(0.279375 -6e-06 0)
(0.279382 -5.30094e-06 0)
(0.279388 -4.63993e-06 0)
(0.279394 -4.02082e-06 0)
(0.279399 -3.47246e-06 0)
(0.279404 -2.97649e-06 0)
(0.279408 -2.54891e-06 0)
(0.279411 -2.16394e-06 0)
(0.279414 -1.83496e-06 0)
(0.485452 0.0205749 0)
(0.474029 0.0154161 0)
(0.465234 0.0115591 0)
(0.458497 0.00866194 0)
(0.453362 0.00647876 0)
(0.449468 0.00483107 0)
(0.44653 0.00358746 0)
(0.444325 0.00264999 0)
(0.442681 0.00194491 0)
(0.441463 0.00141632 0)
(0.440569 0.00102169 0)
(0.439918 0.000728596 0)
(0.439449 0.000512287 0)
(0.439115 0.00035386 0)
(0.438882 0.000238895 0)
(0.438721 0.000156388 0)
(0.438614 9.79712e-05 0)
(0.438545 5.72894e-05 0)
(0.438502 2.9547e-05 0)
(0.438478 1.11319e-05 0)
(0.438466 -6.44557e-07 0)
(0.438463 -7.78137e-06 0)
(0.438465 -1.17361e-05 0)
(0.43847 -1.35725e-05 0)
(0.438477 -1.4041e-05 0)
(0.438485 -1.36755e-05 0)
(0.438493 -1.28322e-05 0)
(0.438501 -1.17567e-05 0)
(0.438508 -1.05958e-05 0)
(0.438515 -9.44756e-06 0)
(0.438521 -8.35616e-06 0)
(0.438527 -7.35168e-06 0)
(0.438532 -6.43438e-06 0)
(0.438537 -5.60869e-06 0)
(0.438541 -4.86042e-06 0)
(0.625319 0.0341407 0)
(0.614485 0.0260696 0)
(0.605869 0.0198468 0)
(0.599098 0.0150602 0)
(0.593829 0.0113857 0)
(0.589762 0.00857102 0)
(0.586648 0.00642054 0)
(0.584279 0.00478262 0)
(0.58249 0.0035396 0)
(0.581149 0.00260016 0)
(0.580151 0.00189351 0)
(0.579415 0.00136485 0)
(0.578877 0.000971813 0)
(0.578487 0.000681733 0)
(0.578208 0.000469447 0)
(0.578012 0.000315634 0)
(0.577876 0.000205492 0)
(0.577784 0.000127728 0)
(0.577723 7.3754e-05 0)
(0.577685 3.70862e-05 0)
(0.577662 1.28501e-05 0)
(0.577649 -2.58053e-06 0)
(0.577644 -1.18871e-05 0)
(0.577644 -1.70205e-05 0)
(0.577647 -1.93904e-05 0)
(0.577651 -1.99884e-05 0)
(0.577657 -1.95084e-05 0)
(0.577663 -1.84132e-05 0)
(0.577669 -1.70122e-05 0)
(0.577675 -1.54935e-05 0)
(0.577681 -1.39748e-05 0)
(0.577686 -1.2514e-05 0)
(0.577692 -1.11441e-05 0)
(0.577696 -9.87034e-06 0)
(0.577701 -8.69559e-06 0)
(0.732725 0.0448796 0)
(0.725382 0.0349057 0)
(0.719243 0.026973 0)
(0.71423 0.020721 0)
(0.710209 0.0158288 0)
(0.707029 0.0120235 0)
(0.704543 0.0090798 0)
(0.70262 0.00681449 0)
(0.701143 0.00508023 0)
(0.70002 0.0037595 0)
(0.699172 0.0027592 0)
(0.698536 0.00200606 0)
(0.698063 0.00144263 0)
(0.697715 0.00102416 0)
(0.69746 0.000715838 0)
(0.697275 0.000490768 0)
(0.697143 0.000328201 0)
(0.697049 0.000212221 0)
(0.696984 0.00013067 0)
(0.696939 7.43186e-05 0)
(0.696909 3.62057e-05 0)
(0.696889 1.11209e-05 0)
(0.696877 -4.79844e-06 0)
(0.69687 -1.43849e-05 0)
(0.696866 -1.96887e-05 0)
(0.696866 -2.21712e-05 0)
(0.696866 -2.28545e-05 0)
(0.696869 -2.24384e-05 0)
(0.696872 -2.13888e-05 0)
(0.696875 -2.00066e-05 0)
(0.696879 -1.84774e-05 0)
(0.696883 -1.69107e-05 0)
(0.696887 -1.53658e-05 0)
(0.696891 -1.38726e-05 0)
(0.696895 -1.24429e-05 0)
(0.810126 0.0500343 0)
(0.808195 0.039588 0)
(0.80621 0.0310242 0)
(0.804361 0.0241122 0)
(0.802737 0.0186004 0)
(0.801364 0.014248 0)
(0.800233 0.0108399 0)
(0.799319 0.00819081 0)
(0.798592 0.00614576 0)
(0.79802 0.00457722 0)
(0.797575 0.00338182 0)
(0.79723 0.00247668 0)
(0.796964 0.00179592 0)
(0.796761 0.00128763 0)
(0.796607 0.000911077 0)
(0.796489 0.000634543 0)
(0.7964 0.000433425 0)
(0.796332 0.000288749 0)
(0.79628 0.000185963 0)
(0.796241 0.000113977 0)
(0.796211 6.43967e-05 0)
(0.796189 3.0922e-05 0)
(0.796172 8.86776e-06 0)
(0.796159 -5.21159e-06 0)
(0.79615 -1.38177e-05 0)
(0.796143 -1.87401e-05 0)
(0.796138 -2.12368e-05 0)
(0.796136 -2.21742e-05 0)
(0.796134 -2.21359e-05 0)
(0.796134 -2.15038e-05 0)
(0.796135 -2.05211e-05 0)
(0.796136 -1.93373e-05 0)
(0.796138 -1.80416e-05 0)
(0.79614 -1.66862e-05 0)
(0.796143 -1.5302e-05 0)
(0.862175 0.048359 0)
(0.86632 0.03884 0)
(0.869229 0.0308178 0)
(0.871264 0.0242005 0)
(0.872684 0.0188315 0)
(0.873674 0.0145329 0)
(0.874362 0.0111292 0)
(0.874836 0.00845949 0)
(0.87516 0.00638307 0)
(0.875377 0.00478047 0)
(0.875518 0.00355255 0)
(0.875606 0.00261836 0)
(0.875657 0.0019127 0)
(0.875682 0.00138357 0)
(0.875689 0.000989871 0)
(0.875684 0.000699361 0)
(0.875671 0.000486897 0)
(0.875653 0.000333005 0)
(0.875633 0.000222699 0)
(0.875613 0.000144525 0)
(0.875592 8.97989e-05 0)
(0.875573 5.1993e-05 0)
(0.875555 2.62492e-05 0)
(0.875539 8.99394e-06 0)
(0.875525 -2.3671e-06 0)
(0.875513 -9.68894e-06 0)
(0.875503 -1.42755e-05 0)
(0.875496 -1.7026e-05 0)
(0.87549 -1.85476e-05 0)
(0.875486 -1.92413e-05 0)
(0.875483 -1.93669e-05 0)
(0.875481 -1.90899e-05 0)
(0.87548 -1.85159e-05 0)
(0.875481 -1.77143e-05 0)
(0.875481 -1.67343e-05 0)
(0.894528 0.0400363 0)
(0.904234 0.0325436 0)
(0.911791 0.0260823 0)
(0.917627 0.0206548 0)
(0.922104 0.0161874 0)
(0.925515 0.0125693 0)
(0.928099 0.00967792 0)
(0.930043 0.00739318 0)
(0.931494 0.00560544 0)
(0.932568 0.00421883 0)
(0.933356 0.003152 0)
(0.933926 0.0023375 0)
(0.934333 0.00172028 0)
(0.934618 0.00125605 0)
(0.934812 0.000909531 0)
(0.93494 0.000652879 0)
(0.93502 0.000464291 0)
(0.935066 0.000326825 0)
(0.935088 0.000227416 0)
(0.935093 0.00015607 0)
(0.935088 0.000105209 0)
(0.935077 6.91448e-05 0)
(0.935062 4.36571e-05 0)
(0.935046 2.56542e-05 0)
(0.935029 1.29043e-05 0)
(0.935014 3.82338e-06 0)
(0.935001 -2.69314e-06 0)
(0.934989 -7.4002e-06 0)
(0.934979 -1.08041e-05 0)
(0.934971 -1.32388e-05 0)
(0.934965 -1.49228e-05 0)
(0.934961 -1.60006e-05 0)
(0.934958 -1.65717e-05 0)
(0.934956 -1.67106e-05 0)
(0.934955 -1.64791e-05 0)
(0.91259 0.0263297 0)
(0.926453 0.0215827 0)
(0.937582 0.017421 0)
(0.946405 0.0138795 0)
(0.953327 0.0109345 0)
(0.958706 0.00853 0)
(0.962849 0.00659621 0)
(0.966014 0.00506055 0)
(0.968411 0.00385432 0)
(0.97021 0.00291597 0)
(0.971548 0.00219241 0)
(0.972532 0.00163902 0)
(0.973248 0.00121906 0)
(0.97376 0.000902732 0)
(0.97412 0.000666154 0)
(0.974367 0.000490409 0)
(0.974532 0.000360636 0)
(0.974637 0.000265276 0)
(0.974698 0.000195418 0)
(0.97473 0.000144265 0)
(0.974742 0.00010669 0)
(0.97474 7.88775e-05 0)
(0.974731 5.80293e-05 0)
(0.974717 4.213e-05 0)
(0.974701 2.97554e-05 0)
(0.974684 1.99226e-05 0)
(0.974669 1.19684e-05 0)
(0.974655 5.45791e-06 0)
(0.974642 1.09773e-07 0)
(0.974632 -4.2548e-06 0)
(0.974624 -7.75441e-06 0)
(0.974617 -1.04723e-05 0)
(0.974612 -1.24778e-05 0)
(0.974608 -1.38345e-05 0)
(0.974606 -1.46093e-05 0)
(0.920506 0.00917418 0)
(0.936574 0.00755463 0)
(0.94963 0.00612302 0)
(0.960087 0.00489726 0)
(0.968362 0.00387343 0)
(0.974839 0.00303509 0)
(0.97986 0.00235984 0)
(0.983717 0.00182349 0)
(0.986654 0.00140265 0)
(0.988869 0.001076 0)
(0.990524 0.000824954 0)
(0.991749 0.000633735 0)
(0.992644 0.00048924 0)
(0.993291 0.000380764 0)
(0.99375 0.000299695 0)
(0.994069 0.000239181 0)
(0.994286 0.000193851 0)
(0.994428 0.00015955 0)
(0.994516 0.000133121 0)
(0.994566 0.000112209 0)
(0.99459 9.51049e-05 0)
(0.994597 8.06071e-05 0)
(0.994593 6.79081e-05 0)
(0.994582 5.64947e-05 0)
(0.994567 4.60726e-05 0)
(0.994552 3.64957e-05 0)
(0.994537 2.77182e-05 0)
(0.994522 1.9748e-05 0)
(0.994509 1.26212e-05 0)
(0.994498 6.37389e-06 0)
(0.994489 1.03333e-06 0)
(0.994482 -3.39645e-06 0)
(0.994476 -6.93211e-06 0)
(0.994471 -9.61721e-06 0)
(0.994467 -1.1513e-05 0)
(0.920507 -0.00916581 0)
(0.936575 -0.00754108 0)
(0.949632 -0.00610269 0)
(0.96009 -0.00486839 0)
(0.968365 -0.00383417 0)
(0.974844 -0.00298359 0)
(0.979867 -0.00229438 0)
(0.983726 -0.00174263 0)
(0.986664 -0.00130533 0)
(0.988882 -0.000961704 0)
(0.990541 -0.000693768 0)
(0.991769 -0.000486412 0)
(0.992668 -0.000327224 0)
(0.993319 -0.00020617 0)
(0.993782 -0.000115232 0)
(0.994106 -4.80466e-05 0)
(0.994328 4.19633e-07 0)
(0.994475 3.41534e-05 0)
(0.994568 5.63267e-05 0)
(0.994622 6.94807e-05 0)
(0.994651 7.56713e-05 0)
(0.994662 7.65754e-05 0)
(0.994662 7.35733e-05 0)
(0.994654 6.78041e-05 0)
(0.994643 6.02089e-05 0)
(0.99463 5.15588e-05 0)
(0.994617 4.24776e-05 0)
(0.994604 3.34582e-05 0)
(0.994593 2.48765e-05 0)
(0.994583 1.70055e-05 0)
(0.994574 1.00269e-05 0)
(0.994567 4.04474e-06 0)
(0.994561 -9.03109e-07 0)
(0.994556 -4.83056e-06 0)
(0.994553 -7.79361e-06 0)
(0.912593 -0.0263219 0)
(0.926458 -0.02157 0)
(0.937588 -0.0174018 0)
(0.946414 -0.0138522 0)
(0.953338 -0.0108973 0)
(0.95872 -0.00848117 0)
(0.962869 -0.00653409 0)
(0.966039 -0.00498375 0)
(0.968443 -0.00376183 0)
(0.97025 -0.00280729 0)
(0.971596 -0.00206763 0)
(0.972591 -0.00149885 0)
(0.973317 -0.00106489 0)
(0.973842 -0.000736572 0)
(0.974215 -0.000490603 0)
(0.974476 -0.000308517 0)
(0.974654 -0.000175784 0)
(0.974773 -8.09959e-05 0)
(0.974849 -1.52349e-05 0)
(0.974894 2.84846e-05 0)
(0.974919 5.5614e-05 0)
(0.974929 7.04328e-05 0)
(0.974931 7.62783e-05 0)
(0.974926 7.57741e-05 0)
(0.974919 7.09534e-05 0)
(0.97491 6.34051e-05 0)
(0.974901 5.43348e-05 0)
(0.974892 4.46637e-05 0)
(0.974884 3.50567e-05 0)
(0.974876 2.59948e-05 0)
(0.97487 1.77858e-05 0)
(0.974864 1.06231e-05 0)
(0.974859 4.58624e-06 0)
(0.974855 -3.09421e-07 0)
(0.974852 -4.11846e-06 0)
(0.894534 -0.0400298 0)
(0.904241 -0.0325325 0)
(0.911801 -0.0260654 0)
(0.917641 -0.0206306 0)
(0.922122 -0.0161542 0)
(0.925539 -0.0125256 0)
(0.92813 -0.00962216 0)
(0.930082 -0.00732412 0)
(0.931544 -0.00552215 0)
(0.93263 -0.00412085 0)
(0.933431 -0.00303941 0)
(0.934017 -0.00221095 0)
(0.934441 -0.00158103 0)
(0.934745 -0.00110594 0)
(0.93496 -0.000750924 0)
(0.935109 -0.000488561 0)
(0.93521 -0.000297328 0)
(0.935278 -0.000160442 0)
(0.935321 -6.48035e-05 0)
(0.935348 -2.69642e-07 0)
(0.935363 4.10616e-05 0)
(0.93537 6.52757e-05 0)
(0.935372 7.71135e-05 0)
(0.935371 8.01941e-05 0)
(0.935369 7.73324e-05 0)
(0.935365 7.06351e-05 0)
(0.935361 6.17289e-05 0)
(0.935357 5.17798e-05 0)
(0.935353 4.16712e-05 0)
(0.935349 3.19785e-05 0)
(0.935346 2.3121e-05 0)
(0.935343 1.53084e-05 0)
(0.93534 8.67927e-06 0)
(0.935337 3.22823e-06 0)
(0.935335 -1.062e-06 0)
(0.862183 -0.0483543 0)
(0.86633 -0.0388312 0)
(0.869242 -0.030804 0)
(0.871281 -0.0241804 0)
(0.872707 -0.0188038 0)
(0.873704 -0.0144962 0)
(0.8744 -0.0110822 0)
(0.874885 -0.00840107 0)
(0.875222 -0.00631244 0)
(0.875454 -0.00469723 0)
(0.875613 -0.00345676 0)
(0.875721 -0.00251057 0)
(0.875794 -0.00179401 0)
(0.875843 -0.00125556 0)
(0.875875 -0.000854594 0)
(0.875896 -0.000559206 0)
(0.875911 -0.000344526 0)
(0.87592 -0.000191178 0)
(0.875928 -8.41824e-05 0)
(0.875933 -1.1915e-05 0)
(0.875937 3.45521e-05 0)
(0.875941 6.21333e-05 0)
(0.875945 7.60963e-05 0)
(0.875948 8.05138e-05 0)
(0.875951 7.84403e-05 0)
(0.875953 7.22266e-05 0)
(0.875955 6.35796e-05 0)
(0.875956 5.37989e-05 0)
(0.875957 4.37651e-05 0)
(0.875958 3.41352e-05 0)
(0.875958 2.52864e-05 0)
(0.875958 1.74905e-05 0)
(0.875957 1.08283e-05 0)
(0.875957 5.35365e-06 0)
(0.875956 9.86636e-07 0)
(0.810136 -0.0500303 0)
(0.808207 -0.0395811 0)
(0.806225 -0.0310134 0)
(0.804381 -0.0240966 0)
(0.802763 -0.0185788 0)
(0.801397 -0.0142194 0)
(0.800276 -0.0108031 0)
(0.799374 -0.00814491 0)
(0.798662 -0.00609007 0)
(0.798106 -0.0045114 0)
(0.79768 -0.00330589 0)
(0.797357 -0.00239108 0)
(0.797116 -0.00170154 0)
(0.796939 -0.00118574 0)
(0.796813 -0.000803332 0)
(0.796724 -0.000522881 0)
(0.796665 -0.000319996 0)
(0.796628 -0.000175788 0)
(0.796606 -7.57025e-05 0)
(0.796596 -8.51419e-06 0)
(0.796593 3.43758e-05 0)
(0.796596 5.95789e-05 0)
(0.796603 7.2118e-05 0)
(0.796611 7.58415e-05 0)
(0.796619 7.36266e-05 0)
(0.796628 6.76634e-05 0)
(0.796636 5.95349e-05 0)
(0.796643 5.0432e-05 0)
(0.796649 4.11543e-05 0)
(0.796653 3.22924e-05 0)
(0.796657 2.4176e-05 0)
(0.796659 1.70442e-05 0)
(0.796661 1.09547e-05 0)
(0.796662 5.95322e-06 0)
(0.796662 1.95317e-06 0)
(0.732735 -0.0448749 0)
(0.725394 -0.0348997 0)
(0.719258 -0.0269647 0)
(0.714249 -0.0207096 0)
(0.710234 -0.0158133 0)
(0.707062 -0.0120031 0)
(0.704586 -0.00905354 0)
(0.702674 -0.00678164 0)
(0.701212 -0.00504022 0)
(0.700105 -0.00371203 0)
(0.699276 -0.00270426 0)
(0.698663 -0.00194395 0)
(0.698214 -0.00137398 0)
(0.697892 -0.000949916 0)
(0.697666 -0.000637208 0)
(0.697511 -0.00040922 0)
(0.697408 -0.000245303 0)
(0.697345 -0.000129673 0)
(0.697309 -5.00979e-05 0)
(0.697293 2.67545e-06 0)
(0.69729 3.58445e-05 0)
(0.697296 5.47677e-05 0)
(0.697307 6.36515e-05 0)
(0.69732 6.55347e-05 0)
(0.697334 6.28507e-05 0)
(0.697348 5.72517e-05 0)
(0.697361 5.01178e-05 0)
(0.697373 4.22677e-05 0)
(0.697382 3.44571e-05 0)
(0.69739 2.70037e-05 0)
(0.697396 2.03e-05 0)
(0.697401 1.43685e-05 0)
(0.697404 9.40105e-06 0)
(0.697406 5.25525e-06 0)
(0.697407 2.02488e-06 0)
(0.625327 -0.0341362 0)
(0.614495 -0.0260649 0)
(0.605882 -0.0198411 0)
(0.599115 -0.0150528 0)
(0.59385 -0.011376 0)
(0.589791 -0.00855819 0)
(0.586685 -0.00640405 0)
(0.584327 -0.0047619 0)
(0.582551 -0.00351426 0)
(0.581225 -0.00256994 0)
(0.580244 -0.00185839 0)
(0.579528 -0.00132497 0)
(0.579012 -0.000927603 0)
(0.578646 -0.00063377 0)
(0.578394 -0.000418562 0)
(0.578224 -0.000262747 0)
(0.578116 -0.000151692 0)
(0.578051 -7.40901e-05 0)
(0.578017 -2.14146e-05 0)
(0.578005 1.29467e-05 0)
(0.578006 3.39087e-05 0)
(0.578017 4.5317e-05 0)
(0.578033 4.99571e-05 0)
(0.57805 5.00487e-05 0)
(0.578069 4.71205e-05 0)
(0.578086 4.2435e-05 0)
(0.578102 3.6775e-05 0)
(0.578116 3.0839e-05 0)
(0.578127 2.49657e-05 0)
(0.578137 1.95239e-05 0)
(0.578144 1.45909e-05 0)
(0.57815 1.03494e-05 0)
(0.578154 6.72901e-06 0)
(0.578156 3.81522e-06 0)
(0.578158 1.46193e-06 0)
(0.485457 -0.020574 0)
(0.474036 -0.015415 0)
(0.465243 -0.0115573 0)
(0.458509 -0.00865902 0)
(0.453378 -0.00647436 0)
(0.449489 -0.00482489 0)
(0.446557 -0.0035792 0)
(0.444361 -0.00263939 0)
(0.442727 -0.00193174 0)
(0.441522 -0.00140046 0)
(0.440641 -0.00100309 0)
(0.440006 -0.000707345 0)
(0.439555 -0.000488594 0)
(0.439241 -0.000328065 0)
(0.439028 -0.000211433 0)
(0.438889 -0.000127789 0)
(0.438804 -6.88181e-05 0)
(0.438757 -2.81982e-05 0)
(0.438736 -1.12748e-06 0)
(0.438733 1.60359e-05 0)
(0.438741 2.60423e-05 0)
(0.438756 3.09738e-05 0)
(0.438774 3.23833e-05 0)
(0.438794 3.14474e-05 0)
(0.438813 2.90184e-05 0)
(0.438831 2.57468e-05 0)
(0.438847 2.20716e-05 0)
(0.43886 1.8338e-05 0)
(0.438872 1.47389e-05 0)
(0.438881 1.14444e-05 0)
(0.438888 8.50271e-06 0)
(0.438893 5.98768e-06 0)
(0.438897 3.86496e-06 0)
(0.4389 2.16137e-06 0)
(0.438901 7.99315e-07 0)
(0.313598 -0.00819199 0)
(0.304817 -0.0060089 0)
(0.298224 -0.0044287 0)
(0.293276 -0.00327018 0)
(0.28957 -0.00241348 0)
(0.286801 -0.00177671 0)
(0.284741 -0.0013022 0)
(0.283216 -0.00094839 0)
(0.282096 -0.000684755 0)
(0.281279 -0.000488764 0)
(0.280691 -0.000343559 0)
(0.280273 -0.000236588 0)
(0.279981 -0.000158325 0)
(0.279782 -0.000101659 0)
(0.279652 -6.11131e-05 0)
(0.27957 -3.26293e-05 0)
(0.279524 -1.30361e-05 0)
(0.279502 -3.17745e-08 0)
(0.279496 8.22097e-06 0)
(0.279502 1.30018e-05 0)
(0.279513 1.53782e-05 0)
(0.279528 1.60364e-05 0)
(0.279545 1.56047e-05 0)
(0.279562 1.44237e-05 0)
(0.279577 1.28732e-05 0)
(0.279592 1.10894e-05 0)
(0.279604 9.31243e-06 0)
(0.279615 7.55522e-06 0)
(0.279623 5.98127e-06 0)
(0.27963 4.52836e-06 0)
(0.279635 3.32112e-06 0)
(0.279639 2.25185e-06 0)
(0.279642 1.42917e-06 0)
(0.279644 7.18909e-07 0)
(0.279645 2.27252e-07 0)
(0.113153 -0.000634265 0)
(0.109678 -0.000440169 0)
(0.107131 -0.000309901 0)
(0.105257 -0.000219937 0)
(0.103876 -0.0001564 0)
(0.102861 -0.000110954 0)
(0.102118 -7.83089e-05 0)
(0.101576 -5.49064e-05 0)
(0.101185 -3.819e-05 0)
(0.100905 -2.63015e-05 0)
(0.100708 -1.78645e-05 0)
(0.100571 -1.18927e-05 0)
(0.10048 -7.67279e-06 0)
(0.10042 -4.70699e-06 0)
(0.100384 -2.63629e-06 0)
(0.100364 -1.21002e-06 0)
(0.100356 -2.43749e-07 0)
(0.100355 3.92476e-07 0)
(0.100358 7.9529e-07 0)
(0.100365 1.03227e-06 0)
(0.100373 1.15302e-06 0)
(0.100382 1.19209e-06 0)
(0.100391 1.17418e-06 0)
(0.100399 1.11751e-06 0)
(0.100406 1.0344e-06 0)
(0.100412 9.35653e-07 0)
(0.100418 8.27413e-07 0)
(0.100422 7.17289e-07 0)
(0.100426 6.07753e-07 0)
(0.100428 5.04803e-07 0)
(0.100431 4.08126e-07 0)
(0.100432 3.22772e-07 0)
(0.100433 2.46058e-07 0)
(0.100434 1.82517e-07 0)
(0.100434 1.27485e-07 0)
(0.100354 -1.63467e-07 0)
(0.100355 -1.47118e-07 0)
(0.100356 -1.41161e-07 0)
(0.100357 -1.24325e-07 0)
(0.100357 -1.17958e-07 0)
(0.100358 -1.0088e-07 0)
(0.100358 -9.45792e-08 0)
(0.100358 -7.79688e-08 0)
(0.100359 -7.24874e-08 0)
(0.100359 -5.71132e-08 0)
(0.279417 -1.53536e-06 0)
(0.27942 -1.27999e-06 0)
(0.279422 -1.04351e-06 0)
(0.279424 -8.43158e-07 0)
(0.279425 -6.54935e-07 0)
(0.279427 -4.98023e-07 0)
(0.279428 -3.4915e-07 0)
(0.279429 -2.2875e-07 0)
(0.27943 -1.13626e-07 0)
(0.27943 -2.49075e-08 0)
(0.438545 -4.18825e-06 0)
(0.438549 -3.57643e-06 0)
(0.438552 -3.02532e-06 0)
(0.438554 -2.52158e-06 0)
(0.438557 -2.06861e-06 0)
(0.438559 -1.65554e-06 0)
(0.43856 -1.28782e-06 0)
(0.438562 -9.55846e-07 0)
(0.438563 -6.65785e-07 0)
(0.438564 -4.08266e-07 0)
(0.577705 -7.60956e-06 0)
(0.577709 -6.60941e-06 0)
(0.577712 -5.68418e-06 0)
(0.577715 -4.83321e-06 0)
(0.577718 -4.0485e-06 0)
(0.577721 -3.33229e-06 0)
(0.577723 -2.6787e-06 0)
(0.577724 -2.09119e-06 0)
(0.577726 -1.56419e-06 0)
(0.577727 -1.10077e-06 0)
(0.696898 -1.10813e-05 0)
(0.696902 -9.78772e-06 0)
(0.696905 -8.56279e-06 0)
(0.696908 -7.40692e-06 0)
(0.696911 -6.32256e-06 0)
(0.696914 -5.31198e-06 0)
(0.696916 -4.37869e-06 0)
(0.696918 -3.52496e-06 0)
(0.69692 -2.75317e-06 0)
(0.696921 -2.06366e-06 0)
(0.796146 -1.39087e-05 0)
(0.796148 -1.25215e-05 0)
(0.796151 -1.11533e-05 0)
(0.796154 -9.81747e-06 0)
(0.796156 -8.52697e-06 0)
(0.796159 -7.29496e-06 0)
(0.796161 -6.13304e-06 0)
(0.796163 -5.05185e-06 0)
(0.796165 -4.05925e-06 0)
(0.796166 -3.16122e-06 0)
(0.875483 -1.56144e-05 0)
(0.875484 -1.43884e-05 0)
(0.875486 -1.30883e-05 0)
(0.875488 -1.17452e-05 0)
(0.87549 -1.03889e-05 0)
(0.875492 -9.04748e-06 0)
(0.875494 -7.74646e-06 0)
(0.875496 -6.50768e-06 0)
(0.875498 -5.34906e-06 0)
(0.875499 -4.28403e-06 0)
(0.934955 -1.59335e-05 0)
(0.934955 -1.51284e-05 0)
(0.934956 -1.41178e-05 0)
(0.934957 -1.29545e-05 0)
(0.934958 -1.16894e-05 0)
(0.93496 -1.03699e-05 0)
(0.934961 -9.03851e-06 0)
(0.934962 -7.73209e-06 0)
(0.934964 -6.48111e-06 0)
(0.934965 -5.30937e-06 0)
(0.974604 -1.48719e-05 0)
(0.974604 -1.46973e-05 0)
(0.974603 -1.41613e-05 0)
(0.974604 -1.33411e-05 0)
(0.974604 -1.23095e-05 0)
(0.974605 -1.11361e-05 0)
(0.974606 -9.88171e-06 0)
(0.974607 -8.60077e-06 0)
(0.974608 -7.33713e-06 0)
(0.974609 -6.12718e-06 0)
(0.994465 -1.27008e-05 0)
(0.994463 -1.32699e-05 0)
(0.994462 -1.33195e-05 0)
(0.994462 -1.29467e-05 0)
(0.994462 -1.22488e-05 0)
(0.994462 -1.13137e-05 0)
(0.994462 -1.02237e-05 0)
(0.994463 -9.04709e-06 0)
(0.994463 -7.84424e-06 0)
(0.994464 -6.66078e-06 0)
(0.99455 -9.8763e-06 0)
(0.994548 -1.11836e-05 0)
(0.994546 -1.18292e-05 0)
(0.994545 -1.19315e-05 0)
(0.994544 -1.16041e-05 0)
(0.994544 -1.09551e-05 0)
(0.994544 -1.00798e-05 0)
(0.994544 -9.06331e-06 0)
(0.994544 -7.975e-06 0)
(0.994545 -6.87335e-06 0)
(0.974849 -6.92216e-06 0)
(0.974847 -8.83998e-06 0)
(0.974846 -9.99206e-06 0)
(0.974844 -1.05153e-05 0)
(0.974843 -1.05307e-05 0)
(0.974843 -1.01635e-05 0)
(0.974842 -9.51457e-06 0)
(0.974842 -8.68326e-06 0)
(0.974842 -7.74184e-06 0)
(0.974842 -6.76003e-06 0)
(0.935333 -4.30887e-06 0)
(0.935331 -6.60137e-06 0)
(0.93533 -8.10042e-06 0)
(0.935328 -8.91256e-06 0)
(0.935327 -9.20014e-06 0)
(0.935326 -9.05605e-06 0)
(0.935325 -8.62177e-06 0)
(0.935325 -7.96219e-06 0)
(0.935324 -7.18961e-06 0)
(0.935324 -6.33779e-06 0)
(0.875954 -2.32726e-06 0)
(0.875953 -4.7404e-06 0)
(0.875952 -6.34577e-06 0)
(0.875951 -7.31353e-06 0)
(0.87595 -7.73403e-06 0)
(0.875948 -7.76497e-06 0)
(0.875947 -7.47335e-06 0)
(0.875947 -6.99105e-06 0)
(0.875946 -6.35474e-06 0)
(0.875945 -5.66791e-06 0)
(0.796662 -1.09183e-06 0)
(0.796661 -3.33204e-06 0)
(0.79666 -4.8431e-06 0)
(0.796659 -5.79004e-06 0)
(0.796658 -6.24208e-06 0)
(0.796657 -6.35272e-06 0)
(0.796655 -6.16769e-06 0)
(0.796655 -5.81774e-06 0)
(0.796654 -5.32007e-06 0)
(0.796653 -4.78093e-06 0)
(0.697407 -5.14783e-07 0)
(0.697407 -2.30469e-06 0)
(0.697406 -3.60093e-06 0)
(0.697405 -4.34245e-06 0)
(0.697404 -4.78767e-06 0)
(0.697403 -4.85508e-06 0)
(0.697402 -4.79121e-06 0)
(0.697401 -4.48758e-06 0)
(0.6974 -4.17419e-06 0)
(0.697399 -3.71621e-06 0)
(0.578158 -2.87073e-07 0)
(0.578158 -1.60932e-06 0)
(0.578158 -2.46968e-06 0)
(0.578157 -3.05113e-06 0)
(0.578156 -3.30937e-06 0)
(0.578155 -3.41937e-06 0)
(0.578154 -3.32004e-06 0)
(0.578153 -3.17311e-06 0)
(0.578152 -2.89941e-06 0)
(0.578151 -2.64707e-06 0)
(0.438902 -2.11393e-07 0)
(0.438902 -9.67266e-07 0)
(0.438901 -1.4579e-06 0)
(0.438901 -1.78452e-06 0)
(0.4389 -1.92701e-06 0)
(0.438899 -1.98393e-06 0)
(0.438898 -1.92195e-06 0)
(0.438897 -1.83407e-06 0)
(0.438896 -1.67376e-06 0)
(0.438895 -1.52818e-06 0)
(0.279645 -1.94433e-07 0)
(0.279645 -4.34817e-07 0)
(0.279645 -6.49611e-07 0)
(0.279645 -7.18865e-07 0)
(0.279644 -8.01104e-07 0)
(0.279643 -7.66845e-07 0)
(0.279642 -7.75282e-07 0)
(0.279642 -6.88057e-07 0)
(0.279641 -6.6418e-07 0)
(0.279641 -5.5785e-07 0)
(0.100434 8.54373e-08 0)
(0.100434 5.01609e-08 0)
(0.100434 2.64622e-08 0)
(0.100433 6.99034e-09 0)
(0.100433 -2.79317e-09 0)
(0.100433 -1.10153e-08 0)
(0.100432 -1.13908e-08 0)
(0.100432 -1.25942e-08 0)
(0.100432 -7.45986e-09 0)
(0.100432 -5.03662e-09 0)
(0.100359 -5.30931e-08 0)
(0.100359 -3.9482e-08 0)
(0.100359 -3.72781e-08 0)
(0.100359 -2.5603e-08 0)
(0.100359 -2.51919e-08 0)
(0.100359 -1.52495e-08 0)
(0.100359 -1.62945e-08 0)
(0.100359 -7.60499e-09 0)
(0.100359 -9.52998e-09 0)
(0.100359 -1.41477e-09 0)
(0.100359 -3.52359e-09 0)
(0.100359 4.69244e-09 0)
(0.100359 3.09013e-09 0)
(0.100359 1.20838e-08 0)
(0.100359 1.15234e-08 0)
(0.100359 2.17928e-08 0)
(0.100359 2.28378e-08 0)
(0.100359 3.48533e-08 0)
(0.100359 3.8031e-08 0)
(0.100359 5.22742e-08 0)
(0.100359 5.82318e-08 0)
(0.100359 7.56736e-08 0)
(0.100359 8.46818e-08 0)
(0.100359 1.0504e-07 0)
(0.100359 1.1859e-07 0)
(0.100359 1.42573e-07 0)
(0.100359 1.60165e-07 0)
(0.100359 1.89597e-07 0)
(0.100359 2.14524e-07 0)
(0.100359 2.53264e-07 0)
(0.10036 2.88851e-07 0)
(0.10036 3.36156e-07 0)
(0.10036 3.7197e-07 0)
(0.100361 4.06393e-07 0)
(0.100361 4.21156e-07 0)
(0.279431 6.09051e-08 0)
(0.279431 1.22299e-07 0)
(0.279431 1.83202e-07 0)
(0.279432 2.21809e-07 0)
(0.279432 2.6242e-07 0)
(0.279432 2.82906e-07 0)
(0.279432 3.0781e-07 0)
(0.279432 3.14623e-07 0)
(0.279432 3.27997e-07 0)
(0.279432 3.25001e-07 0)
(0.279432 3.30313e-07 0)
(0.279432 3.20608e-07 0)
(0.279432 3.20591e-07 0)
(0.279432 3.06615e-07 0)
(0.279432 3.0346e-07 0)
(0.279432 2.87173e-07 0)
(0.279432 2.82672e-07 0)
(0.279432 2.65792e-07 0)
(0.279432 2.61637e-07 0)
(0.279432 2.45761e-07 0)
(0.279432 2.43476e-07 0)
(0.279432 2.30238e-07 0)
(0.279432 2.31904e-07 0)
(0.279432 2.24061e-07 0)
(0.279432 2.33194e-07 0)
(0.279432 2.36313e-07 0)
(0.279432 2.6184e-07 0)
(0.279432 2.87881e-07 0)
(0.279433 3.44765e-07 0)
(0.279433 4.11957e-07 0)
(0.279434 5.20702e-07 0)
(0.279434 6.51017e-07 0)
(0.279435 8.33476e-07 0)
(0.279436 1.0444e-06 0)
(0.279437 1.31274e-06 0)
(0.438565 -1.89228e-07 0)
(0.438566 1.00227e-09 0)
(0.438566 1.57061e-07 0)
(0.438566 2.88986e-07 0)
(0.438567 3.91897e-07 0)
(0.438567 4.75986e-07 0)
(0.438567 5.36561e-07 0)
(0.438567 5.83689e-07 0)
(0.438567 6.1255e-07 0)
(0.438567 6.32858e-07 0)
(0.438567 6.39463e-07 0)
(0.438567 6.41631e-07 0)
(0.438567 6.33844e-07 0)
(0.438567 6.24976e-07 0)
(0.438567 6.09174e-07 0)
(0.438567 5.94992e-07 0)
(0.438567 5.76404e-07 0)
(0.438567 5.6168e-07 0)
(0.438567 5.44827e-07 0)
(0.438567 5.33808e-07 0)
(0.438567 5.22815e-07 0)
(0.438567 5.19852e-07 0)
(0.438567 5.19668e-07 0)
(0.438568 5.30925e-07 0)
(0.438568 5.51008e-07 0)
(0.438568 5.89839e-07 0)
(0.438568 6.49457e-07 0)
(0.438569 7.43288e-07 0)
(0.438569 8.76758e-07 0)
(0.43857 1.06616e-06 0)
(0.438571 1.31705e-06 0)
(0.438572 1.64278e-06 0)
(0.438573 2.04174e-06 0)
(0.438574 2.5217e-06 0)
(0.438575 3.07944e-06 0)
(0.577728 -6.94478e-07 0)
(0.577729 -3.47122e-07 0)
(0.57773 -5.10348e-08 0)
(0.57773 1.93227e-07 0)
(0.577731 3.94281e-07 0)
(0.577731 5.52336e-07 0)
(0.577731 6.76388e-07 0)
(0.577732 7.66782e-07 0)
(0.577732 8.32325e-07 0)
(0.577732 8.72993e-07 0)
(0.577732 8.97012e-07 0)
(0.577732 9.03706e-07 0)
(0.577732 9.00589e-07 0)
(0.577732 8.86266e-07 0)
(0.577732 8.67564e-07 0)
(0.577732 8.42509e-07 0)
(0.577732 8.17358e-07 0)
(0.577732 7.8978e-07 0)
(0.577732 7.65608e-07 0)
(0.577732 7.42431e-07 0)
(0.577733 7.2578e-07 0)
(0.577733 7.13521e-07 0)
(0.577733 7.11711e-07 0)
(0.577733 7.19451e-07 0)
(0.577733 7.44507e-07 0)
(0.577734 7.89782e-07 0)
(0.577734 8.67254e-07 0)
(0.577734 9.85142e-07 0)
(0.577735 1.1607e-06 0)
(0.577736 1.40675e-06 0)
(0.577737 1.74342e-06 0)
(0.577738 2.1833e-06 0)
(0.57774 2.74428e-06 0)
(0.577741 3.43835e-06 0)
(0.577743 4.29032e-06 0)
(0.696922 -1.45626e-06 0)
(0.696923 -9.2856e-07 0)
(0.696924 -4.77629e-07 0)
(0.696925 -9.85763e-08 0)
(0.696926 2.13634e-07 0)
(0.696926 4.65454e-07 0)
(0.696926 6.62986e-07 0)
(0.696927 8.13185e-07 0)
(0.696927 9.22215e-07 0)
(0.696927 9.96669e-07 0)
(0.696927 1.04207e-06 0)
(0.696927 1.06412e-06 0)
(0.696928 1.06736e-06 0)
(0.696928 1.05641e-06 0)
(0.696928 1.03477e-06 0)
(0.696928 1.00608e-06 0)
(0.696928 9.73004e-07 0)
(0.696928 9.38423e-07 0)
(0.696928 9.04435e-07 0)
(0.696929 8.7342e-07 0)
(0.696929 8.47338e-07 0)
(0.696929 8.2848e-07 0)
(0.696929 8.19335e-07 0)
(0.69693 8.23269e-07 0)
(0.69693 8.44828e-07 0)
(0.69693 8.90693e-07 0)
(0.696931 9.70232e-07 0)
(0.696931 1.09589e-06 0)
(0.696932 1.28392e-06 0)
(0.696933 1.55314e-06 0)
(0.696934 1.9255e-06 0)
(0.696935 2.42399e-06 0)
(0.696937 3.07335e-06 0)
(0.696939 3.90313e-06 0)
(0.696941 4.95305e-06 0)
(0.796168 -2.36048e-06 0)
(0.796169 -1.65774e-06 0)
(0.79617 -1.05075e-06 0)
(0.79617 -5.35781e-07 0)
(0.796171 -1.06859e-07 0)
(0.796172 2.42676e-07 0)
(0.796172 5.20821e-07 0)
(0.796173 7.35491e-07 0)
(0.796173 8.95184e-07 0)
(0.796173 1.0077e-06 0)
(0.796174 1.08092e-06 0)
(0.796174 1.1217e-06 0)
(0.796174 1.1367e-06 0)
(0.796174 1.13144e-06 0)
(0.796175 1.11121e-06 0)
(0.796175 1.08023e-06 0)
(0.796175 1.04261e-06 0)
(0.796175 1.00149e-06 0)
(0.796175 9.60047e-07 0)
(0.796176 9.20784e-07 0)
(0.796176 8.86371e-07 0)
(0.796176 8.59136e-07 0)
(0.796177 8.41983e-07 0)
(0.796177 8.38293e-07 0)
(0.796177 8.52781e-07 0)
(0.796178 8.91803e-07 0)
(0.796178 9.64676e-07 0)
(0.796179 1.08383e-06 0)
(0.79618 1.26567e-06 0)
(0.796181 1.53059e-06 0)
(0.796182 1.90261e-06 0)
(0.796184 2.40959e-06 0)
(0.796185 3.08317e-06 0)
(0.796188 3.96236e-06 0)
(0.79619 5.09863e-06 0)
(0.8755 -3.32174e-06 0)
(0.875501 -2.46702e-06 0)
(0.875502 -1.72101e-06 0)
(0.875503 -1.08148e-06 0)
(0.875504 -5.4365e-07 0)
(0.875505 -1.00615e-07 0)
(0.875505 2.55865e-07 0)
(0.875506 5.34979e-07 0)
(0.875506 7.46205e-07 0)
(0.875507 8.99066e-07 0)
(0.875507 1.00267e-06 0)
(0.875508 1.06565e-06 0)
(0.875508 1.09582e-06 0)
(0.875508 1.10028e-06 0)
(0.875509 1.08528e-06 0)
(0.875509 1.05631e-06 0)
(0.875509 1.01811e-06 0)
(0.875509 9.74799e-07 0)
(0.87551 9.29931e-07 0)
(0.87551 8.86645e-07 0)
(0.87551 8.47778e-07 0)
(0.875511 8.16019e-07 0)
(0.875511 7.94253e-07 0)
(0.875512 7.85794e-07 0)
(0.875512 7.95045e-07 0)
(0.875513 8.2789e-07 0)
(0.875513 8.92686e-07 0)
(0.875514 1.00078e-06 0)
(0.875515 1.16748e-06 0)
(0.875516 1.4121e-06 0)
(0.875517 1.75811e-06 0)
(0.875519 2.23339e-06 0)
(0.875521 2.87118e-06 0)
(0.875523 3.71288e-06 0)
(0.875526 4.81191e-06 0)
(0.934966 -4.23416e-06 0)
(0.934967 -3.26664e-06 0)
(0.934968 -2.41253e-06 0)
(0.934969 -1.67277e-06 0)
(0.93497 -1.04455e-06 0)
(0.934971 -5.2199e-07 0)
(0.934971 -9.71144e-08 0)
(0.934972 2.39545e-07 0)
(0.934972 4.98137e-07 0)
(0.934973 6.89138e-07 0)
(0.934973 8.22734e-07 0)
(0.934974 9.08708e-07 0)
(0.934974 9.56012e-07 0)
(0.934975 9.72863e-07 0)
(0.934975 9.66457e-07 0)
(0.934975 9.43218e-07 0)
(0.934976 9.08582e-07 0)
(0.934976 8.67354e-07 0)
(0.934977 8.23519e-07 0)
(0.934977 7.80662e-07 0)
(0.934977 7.41778e-07 0)
(0.934978 7.09778e-07 0)
(0.934978 6.87352e-07 0)
(0.934979 6.77662e-07 0)
(0.934979 6.84367e-07 0)
(0.93498 7.12607e-07 0)
(0.93498 7.68985e-07 0)
(0.934981 8.631e-07 0)
(0.934982 1.00727e-06 0)
(0.934983 1.21776e-06 0)
(0.934985 1.51417e-06 0)
(0.934986 1.92009e-06 0)
(0.934989 2.46391e-06 0)
(0.934991 3.18173e-06 0)
(0.934994 4.11844e-06 0)
(0.97461 -4.99688e-06 0)
(0.974611 -3.96565e-06 0)
(0.974612 -3.04398e-06 0)
(0.974612 -2.2378e-06 0)
(0.974613 -1.54628e-06 0)
(0.974614 -9.66185e-07 0)
(0.974615 -4.89709e-07 0)
(0.974615 -1.0863e-07 0)
(0.974616 1.88127e-07 0)
(0.974616 4.10556e-07 0)
(0.974617 5.70296e-07 0)
(0.974617 6.76965e-07 0)
(0.974618 7.41136e-07 0)
(0.974618 7.70907e-07 0)
(0.974619 7.75053e-07 0)
(0.974619 7.5976e-07 0)
(0.97462 7.3189e-07 0)
(0.97462 6.95827e-07 0)
(0.97462 6.56783e-07 0)
(0.974621 6.17695e-07 0)
(0.974621 5.82557e-07 0)
(0.974622 5.53359e-07 0)
(0.974622 5.33475e-07 0)
(0.974623 5.24693e-07 0)
(0.974623 5.30741e-07 0)
(0.974624 5.54512e-07 0)
(0.974625 6.01623e-07 0)
(0.974625 6.77758e-07 0)
(0.974626 7.92326e-07 0)
(0.974628 9.55529e-07 0)
(0.974629 1.18148e-06 0)
(0.974631 1.48484e-06 0)
(0.974633 1.88514e-06 0)
(0.974636 2.40444e-06 0)
(0.974639 3.07254e-06 0)
(0.994465 -5.53465e-06 0)
(0.994465 -4.49036e-06 0)
(0.994466 -3.54678e-06 0)
(0.994467 -2.71175e-06 0)
(0.994467 -1.9902e-06 0)
(0.994468 -1.37867e-06 0)
(0.994469 -8.7336e-07 0)
(0.994469 -4.64482e-07 0)
(0.99447 -1.43928e-07 0)
(0.99447 1.0064e-07 0)
(0.994471 2.78446e-07 0)
(0.994471 4.01822e-07 0)
(0.994472 4.79178e-07 0)
(0.994472 5.21443e-07 0)
(0.994473 5.35285e-07 0)
(0.994473 5.29682e-07 0)
(0.994474 5.09344e-07 0)
(0.994474 4.81323e-07 0)
(0.994475 4.48553e-07 0)
(0.994475 4.16462e-07 0)
(0.994476 3.86587e-07 0)
(0.994476 3.6316e-07 0)
(0.994477 3.46783e-07 0)
(0.994477 3.41029e-07 0)
(0.994478 3.46206e-07 0)
(0.994478 3.66019e-07 0)
(0.994479 4.01406e-07 0)
(0.99448 4.56997e-07 0)
(0.994481 5.35188e-07 0)
(0.994482 6.4221e-07 0)
(0.994484 7.81654e-07 0)
(0.994486 9.60327e-07 0)
(0.994488 1.18163e-06 0)
(0.994491 1.45326e-06 0)
(0.994494 1.78025e-06 0)
(0.994545 -5.80138e-06 0)
(0.994545 -4.7932e-06 0)
(0.994546 -3.86974e-06 0)
(0.994546 -3.04601e-06 0)
(0.994547 -2.32682e-06 0)
(0.994547 -1.71427e-06 0)
(0.994548 -1.20303e-06 0)
(0.994549 -7.87789e-07 0)
(0.994549 -4.58041e-07 0)
(0.99455 -2.0533e-07 0)
(0.99455 -1.74989e-08 0)
(0.994551 1.14234e-07 0)
(0.994551 2.01498e-07 0)
(0.994552 2.51825e-07 0)
(0.994552 2.75225e-07 0)
(0.994553 2.77333e-07 0)
(0.994553 2.66215e-07 0)
(0.994554 2.45554e-07 0)
(0.994554 2.21571e-07 0)
(0.994555 1.96246e-07 0)
(0.994555 1.74255e-07 0)
(0.994556 1.56206e-07 0)
(0.994556 1.45536e-07 0)
(0.994557 1.41802e-07 0)
(0.994557 1.47491e-07 0)
(0.994558 1.61355e-07 0)
(0.994558 1.85153e-07 0)
(0.994559 2.16785e-07 0)
(0.99456 2.56959e-07 0)
(0.994562 3.01948e-07 0)
(0.994563 3.49976e-07 0)
(0.994565 3.9321e-07 0)
(0.994568 4.24288e-07 0)
(0.99457 4.28476e-07 0)
(0.994574 3.90215e-07 0)
(0.974842 -5.78159e-06 0)
(0.974842 -4.84959e-06 0)
(0.974842 -3.98403e-06 0)
(0.974842 -3.20728e-06 0)
(0.974843 -2.52215e-06 0)
(0.974843 -1.93699e-06 0)
(0.974844 -1.44383e-06 0)
(0.974844 -1.04285e-06 0)
(0.974845 -7.20512e-07 0)
(0.974845 -4.73334e-07 0)
(0.974845 -2.85884e-07 0)
(0.974846 -1.53981e-07 0)
(0.974846 -6.25837e-08 0)
(0.974847 -8.4889e-09 0)
(0.974847 2.18022e-08 0)
(0.974848 2.97838e-08 0)
(0.974848 2.70364e-08 0)
(0.974849 1.31917e-08 0)
(0.974849 -2.01751e-09 0)
(0.97485 -2.06738e-08 0)
(0.97485 -3.46459e-08 0)
(0.974851 -4.75321e-08 0)
(0.974851 -5.26245e-08 0)
(0.974852 -5.49425e-08 0)
(0.974852 -4.92229e-08 0)
(0.974853 -4.2207e-08 0)
(0.974854 -3.05667e-08 0)
(0.974854 -2.3381e-08 0)
(0.974855 -2.09003e-08 0)
(0.974857 -3.64296e-08 0)
(0.974858 -7.64056e-08 0)
(0.97486 -1.6238e-07 0)
(0.974863 -3.11137e-07 0)
(0.974865 -5.57778e-07 0)
(0.974869 -9.37485e-07 0)
(0.935324 -5.49034e-06 0)
(0.935324 -4.6534e-06 0)
(0.935324 -3.88694e-06 0)
(0.935324 -3.17588e-06 0)
(0.935324 -2.56321e-06 0)
(0.935324 -2.01952e-06 0)
(0.935325 -1.57719e-06 0)
(0.935325 -1.19841e-06 0)
(0.935325 -9.10076e-07 0)
(0.935326 -6.70481e-07 0)
(0.935326 -5.04602e-07 0)
(0.935327 -3.69795e-07 0)
(0.935327 -2.91321e-07 0)
(0.935327 -2.27296e-07 0)
(0.935328 -2.04385e-07 0)
(0.935328 -1.82222e-07 0)
(0.935329 -1.89275e-07 0)
(0.935329 -1.869e-07 0)
(0.93533 -2.05332e-07 0)
(0.93533 -2.07576e-07 0)
(0.93533 -2.25464e-07 0)
(0.935331 -2.23559e-07 0)
(0.935331 -2.35209e-07 0)
(0.935332 -2.26657e-07 0)
(0.935332 -2.33091e-07 0)
(0.935333 -2.23217e-07 0)
(0.935334 -2.34834e-07 0)
(0.935335 -2.40587e-07 0)
(0.935336 -2.83221e-07 0)
(0.935337 -3.42091e-07 0)
(0.935338 -4.68696e-07 0)
(0.93534 -6.52567e-07 0)
(0.935343 -9.60237e-07 0)
(0.935345 -1.39908e-06 0)
(0.935348 -2.06249e-06 0)
(0.875945 -4.93823e-06 0)
(0.875945 -4.24432e-06 0)
(0.875944 -3.57028e-06 0)
(0.875944 -2.97588e-06 0)
(0.875944 -2.42834e-06 0)
(0.875945 -1.9749e-06 0)
(0.875945 -1.57212e-06 0)
(0.875945 -1.26011e-06 0)
(0.875945 -9.89712e-07 0)
(0.875945 -7.97859e-07 0)
(0.875946 -6.33134e-07 0)
(0.875946 -5.31887e-07 0)
(0.875946 -4.42594e-07 0)
(0.875947 -4.02466e-07 0)
(0.875947 -3.60988e-07 0)
(0.875948 -3.56883e-07 0)
(0.875948 -3.41097e-07 0)
(0.875948 -3.54009e-07 0)
(0.875949 -3.48087e-07 0)
(0.875949 -3.65311e-07 0)
(0.875949 -3.5961e-07 0)
(0.87595 -3.74443e-07 0)
(0.87595 -3.65321e-07 0)
(0.875951 -3.77453e-07 0)
(0.875951 -3.68539e-07 0)
(0.875952 -3.86438e-07 0)
(0.875952 -3.92223e-07 0)
(0.875953 -4.38193e-07 0)
(0.875954 -4.91355e-07 0)
(0.875955 -6.12139e-07 0)
(0.875957 -7.7665e-07 0)
(0.875959 -1.0571e-06 0)
(0.875961 -1.44504e-06 0)
(0.875963 -2.03475e-06 0)
(0.875966 -2.84685e-06 0)
(0.796652 -4.19102e-06 0)
(0.796652 -3.63535e-06 0)
(0.796652 -3.08344e-06 0)
(0.796651 -2.60443e-06 0)
(0.796651 -2.15278e-06 0)
(0.796651 -1.78724e-06 0)
(0.796651 -1.45272e-06 0)
(0.796651 -1.20222e-06 0)
(0.796651 -9.75399e-07 0)
(0.796652 -8.2289e-07 0)
(0.796652 -6.82076e-07 0)
(0.796652 -6.03424e-07 0)
(0.796652 -5.23856e-07 0)
(0.796653 -4.94896e-07 0)
(0.796653 -4.54013e-07 0)
(0.796653 -4.54258e-07 0)
(0.796654 -4.34167e-07 0)
(0.796654 -4.48264e-07 0)
(0.796654 -4.36499e-07 0)
(0.796655 -4.54545e-07 0)
(0.796655 -4.44067e-07 0)
(0.796655 -4.61377e-07 0)
(0.796656 -4.50654e-07 0)
(0.796656 -4.68848e-07 0)
(0.796656 -4.63232e-07 0)
(0.796657 -4.9279e-07 0)
(0.796658 -5.08991e-07 0)
(0.796658 -5.74841e-07 0)
(0.796659 -6.47761e-07 0)
(0.79666 -7.99563e-07 0)
(0.796662 -9.93878e-07 0)
(0.796663 -1.31694e-06 0)
(0.796665 -1.74249e-06 0)
(0.796668 -2.38294e-06 0)
(0.79667 -3.23709e-06 0)
(0.697398 -3.32792e-06 0)
(0.697398 -2.85243e-06 0)
(0.697397 -2.49165e-06 0)
(0.697397 -2.07215e-06 0)
(0.697397 -1.78751e-06 0)
(0.697397 -1.45305e-06 0)
(0.697397 -1.2577e-06 0)
(0.697397 -1.00979e-06 0)
(0.697397 -8.96456e-07 0)
(0.697397 -7.22179e-07 0)
(0.697397 -6.74229e-07 0)
(0.697397 -5.5527e-07 0)
(0.697397 -5.53799e-07 0)
(0.697398 -4.71945e-07 0)
(0.697398 -4.99817e-07 0)
(0.697398 -4.39884e-07 0)
(0.697398 -4.83627e-07 0)
(0.697398 -4.34575e-07 0)
(0.697399 -4.84956e-07 0)
(0.697399 -4.40227e-07 0)
(0.697399 -4.92222e-07 0)
(0.697399 -4.49585e-07 0)
(0.6974 -5.03111e-07 0)
(0.6974 -4.65354e-07 0)
(0.697401 -5.26909e-07 0)
(0.697401 -5.04083e-07 0)
(0.697402 -5.90725e-07 0)
(0.697402 -6.06215e-07 0)
(0.697403 -7.51792e-07 0)
(0.697404 -8.49688e-07 0)
(0.697405 -1.1126e-06 0)
(0.697407 -1.3656e-06 0)
(0.697409 -1.83898e-06 0)
(0.697411 -2.36875e-06 0)
(0.697413 -3.2176e-06 0)
(0.57815 -2.32098e-06 0)
(0.578149 -2.05788e-06 0)
(0.578149 -1.75031e-06 0)
(0.578149 -1.52668e-06 0)
(0.578148 -1.27097e-06 0)
(0.578148 -1.10626e-06 0)
(0.578148 -9.11155e-07 0)
(0.578148 -8.05944e-07 0)
(0.578148 -6.66275e-07 0)
(0.578148 -6.11402e-07 0)
(0.578148 -5.1568e-07 0)
(0.578148 -4.98458e-07 0)
(0.578148 -4.33841e-07 0)
(0.578148 -4.41794e-07 0)
(0.578149 -3.9687e-07 0)
(0.578149 -4.19709e-07 0)
(0.578149 -3.85804e-07 0)
(0.578149 -4.1613e-07 0)
(0.578149 -3.87696e-07 0)
(0.578149 -4.2122e-07 0)
(0.57815 -3.95724e-07 0)
(0.57815 -4.31523e-07 0)
(0.57815 -4.09827e-07 0)
(0.57815 -4.51097e-07 0)
(0.578151 -4.38712e-07 0)
(0.578151 -4.94354e-07 0)
(0.578151 -5.04456e-07 0)
(0.578152 -5.94626e-07 0)
(0.578153 -6.53788e-07 0)
(0.578154 -8.13795e-07 0)
(0.578155 -9.66407e-07 0)
(0.578156 -1.25006e-06 0)
(0.578158 -1.56201e-06 0)
(0.57816 -2.05527e-06 0)
(0.578161 -2.63878e-06 0)
(0.438894 -1.33942e-06 0)
(0.438894 -1.18989e-06 0)
(0.438893 -1.01282e-06 0)
(0.438893 -8.87429e-07 0)
(0.438893 -7.40614e-07 0)
(0.438893 -6.4985e-07 0)
(0.438892 -5.37869e-07 0)
(0.438892 -4.81587e-07 0)
(0.438892 -4.01179e-07 0)
(0.438892 -3.73824e-07 0)
(0.438892 -3.18248e-07 0)
(0.438892 -3.12405e-07 0)
(0.438893 -2.74229e-07 0)
(0.438893 -2.82706e-07 0)
(0.438893 -2.55415e-07 0)
(0.438893 -2.72354e-07 0)
(0.438893 -2.51075e-07 0)
(0.438893 -2.72367e-07 0)
(0.438893 -2.54155e-07 0)
(0.438893 -2.77414e-07 0)
(0.438893 -2.61454e-07 0)
(0.438893 -2.85977e-07 0)
(0.438894 -2.73122e-07 0)
(0.438894 -3.00912e-07 0)
(0.438894 -2.93588e-07 0)
(0.438894 -3.29912e-07 0)
(0.438895 -3.35124e-07 0)
(0.438895 -3.91748e-07 0)
(0.438896 -4.25501e-07 0)
(0.438897 -5.24203e-07 0)
(0.438898 -6.13772e-07 0)
(0.438899 -7.88072e-07 0)
(0.4389 -9.72462e-07 0)
(0.438901 -1.27189e-06 0)
(0.438903 -1.61125e-06 0)
(0.27964 -5.27769e-07 0)
(0.27964 -4.22359e-07 0)
(0.279639 -4.0023e-07 0)
(0.279639 -3.05572e-07 0)
(0.279639 -2.97233e-07 0)
(0.279639 -2.16437e-07 0)
(0.279639 -2.22587e-07 0)
(0.279639 -1.54849e-07 0)
(0.279639 -1.73432e-07 0)
(0.279639 -1.16067e-07 0)
(0.279639 -1.4391e-07 0)
(0.279639 -9.36622e-08 0)
(0.279639 -1.27443e-07 0)
(0.279639 -8.12788e-08 0)
(0.279639 -1.18037e-07 0)
(0.279639 -7.35468e-08 0)
(0.279639 -1.10952e-07 0)
(0.279639 -6.65801e-08 0)
(0.279639 -1.03041e-07 0)
(0.279639 -5.79615e-08 0)
(0.279639 -9.23308e-08 0)
(0.279639 -4.61079e-08 0)
(0.279639 -7.76842e-08 0)
(0.279639 -2.93043e-08 0)
(0.279639 -5.71531e-08 0)
(0.27964 -4.69242e-09 0)
(0.27964 -2.86529e-08 0)
(0.27964 2.72228e-08 0)
(0.279641 2.0305e-09 0)
(0.279641 5.24332e-08 0)
(0.279642 8.37843e-09 0)
(0.279643 2.61889e-08 0)
(0.279643 -7.33716e-08 0)
(0.279644 -1.26073e-07 0)
(0.279645 -3.16222e-07 0)
(0.100431 2.65059e-09 0)
(0.100431 6.27383e-09 0)
(0.100431 1.44968e-08 0)
(0.100431 1.77785e-08 0)
(0.100431 2.53116e-08 0)
(0.100431 2.73857e-08 0)
(0.100431 3.3563e-08 0)
(0.100431 3.40101e-08 0)
(0.100431 3.85116e-08 0)
(0.100431 3.71621e-08 0)
(0.10043 3.98768e-08 0)
(0.10043 3.66851e-08 0)
(0.10043 3.7614e-08 0)
(0.10043 3.26012e-08 0)
(0.10043 3.17935e-08 0)
(0.10043 2.50106e-08 0)
(0.10043 2.25257e-08 0)
(0.10043 1.39569e-08 0)
(0.10043 9.87214e-09 0)
(0.10043 -4.5662e-10 0)
(0.100431 -6.72859e-09 0)
(0.100431 -1.83825e-08 0)
(0.100431 -2.59378e-08 0)
(0.100431 -3.79087e-08 0)
(0.100431 -4.49896e-08 0)
(0.100431 -5.55025e-08 0)
(0.100431 -5.90891e-08 0)
(0.100431 -6.55238e-08 0)
(0.100431 -6.34519e-08 0)
(0.100431 -6.40235e-08 0)
(0.100432 -5.65321e-08 0)
(0.100432 -5.0901e-08 0)
(0.100432 -3.46717e-08 0)
(0.100433 -2.21231e-08 0)
(0.100433 -9.19857e-09 0)
(0.100362 4.37174e-07 0)
(0.100362 4.2722e-07 0)
(0.100362 3.66568e-07 0)
(0.100362 3.41727e-07 0)
(0.100361 6.68276e-07 0)
(0.100359 1.17853e-06 0)
(0.100354 -1.15319e-06 0)
(0.100356 -6.13189e-06 0)
(0.100352 8.86894e-06 0)
(0.100324 2.24605e-05 0)
(0.279438 1.62392e-06 0)
(0.279438 1.99217e-06 0)
(0.279438 2.33141e-06 0)
(0.279437 2.61878e-06 0)
(0.279436 3.30669e-06 0)
(0.27943 5.324e-06 0)
(0.279425 7.05639e-06 0)
(0.279423 1.07702e-05 0)
(0.279413 1.72579e-05 0)
(0.279398 3.18933e-05 0)
(0.438577 3.73104e-06 0)
(0.438577 4.4793e-06 0)
(0.438577 5.37254e-06 0)
(0.438576 6.55707e-06 0)
(0.438575 8.39409e-06 0)
(0.438568 1.10628e-05 0)
(0.438559 1.39577e-05 0)
(0.438559 1.91279e-05 0)
(0.438555 3.27382e-05 0)
(0.438528 4.71266e-05 0)
(0.577745 5.32714e-06 0)
(0.577746 6.59933e-06 0)
(0.577746 8.21255e-06 0)
(0.577746 1.04058e-05 0)
(0.577744 1.3443e-05 0)
(0.577738 1.73735e-05 0)
(0.577729 2.25803e-05 0)
(0.57773 3.17908e-05 0)
(0.57773 4.58484e-05 0)
(0.577705 5.79894e-05 0)
(0.696943 6.27565e-06 0)
(0.696945 7.94975e-06 0)
(0.696946 1.01322e-05 0)
(0.696946 1.30982e-05 0)
(0.696946 1.70537e-05 0)
(0.696941 2.19076e-05 0)
(0.696934 2.81832e-05 0)
(0.696938 3.91306e-05 0)
(0.696942 5.44757e-05 0)
(0.696922 6.6953e-05 0)
(0.796192 6.55741e-06 0)
(0.796195 8.433e-06 0)
(0.796196 1.08999e-05 0)
(0.796198 1.42376e-05 0)
(0.796199 1.86257e-05 0)
(0.796196 2.39177e-05 0)
(0.796192 3.05656e-05 0)
(0.796199 4.16514e-05 0)
(0.796208 5.66147e-05 0)
(0.796195 6.86646e-05 0)
(0.875529 6.23487e-06 0)
(0.875532 8.07583e-06 0)
(0.875534 1.05026e-05 0)
(0.875537 1.37665e-05 0)
(0.87554 1.80153e-05 0)
(0.875539 2.31321e-05 0)
(0.875537 2.94752e-05 0)
(0.875548 3.94913e-05 0)
(0.875562 5.29032e-05 0)
(0.875557 6.35884e-05 0)
(0.934997 5.33023e-06 0)
(0.935001 6.89508e-06 0)
(0.935004 8.95036e-06 0)
(0.935008 1.16958e-05 0)
(0.935013 1.52379e-05 0)
(0.935013 1.94621e-05 0)
(0.935014 2.46315e-05 0)
(0.935029 3.27336e-05 0)
(0.935046 4.3262e-05 0)
(0.935049 5.16953e-05 0)
(0.974643 3.92347e-06 0)
(0.974647 5.0067e-06 0)
(0.974651 6.40962e-06 0)
(0.974656 8.2555e-06 0)
(0.974661 1.0596e-05 0)
(0.974662 1.33568e-05 0)
(0.974665 1.67272e-05 0)
(0.974683 2.17844e-05 0)
(0.974704 2.84882e-05 0)
(0.974712 3.38022e-05 0)
(0.994498 2.17036e-06 0)
(0.994502 2.63194e-06 0)
(0.994507 3.19568e-06 0)
(0.994512 3.89967e-06 0)
(0.994518 4.73576e-06 0)
(0.99452 5.6268e-06 0)
(0.994524 6.63104e-06 0)
(0.994543 8.30617e-06 0)
(0.994566 1.02882e-05 0)
(0.994577 1.18713e-05 0)
(0.994578 2.82682e-07 0)
(0.994582 7.72957e-08 0)
(0.994586 -2.64155e-07 0)
(0.994591 -7.93515e-07 0)
(0.994597 -1.57681e-06 0)
(0.994599 -2.6523e-06 0)
(0.994603 -4.03557e-06 0)
(0.994622 -6.16944e-06 0)
(0.994645 -9.00065e-06 0)
(0.994656 -1.13774e-05 0)
(0.974872 -1.50881e-06 0)
(0.974876 -2.33457e-06 0)
(0.97488 -3.51709e-06 0)
(0.974885 -5.18205e-06 0)
(0.97489 -7.45827e-06 0)
(0.974891 -1.03553e-05 0)
(0.974895 -1.40462e-05 0)
(0.974912 -1.95284e-05 0)
(0.974934 -2.69698e-05 0)
(0.974941 -3.30155e-05 0)
(0.935352 -2.98777e-06 0)
(0.935355 -4.30885e-06 0)
(0.935359 -6.13298e-06 0)
(0.935363 -8.70981e-06 0)
(0.935367 -1.21505e-05 0)
(0.935366 -1.64515e-05 0)
(0.935368 -2.18311e-05 0)
(0.935383 -3.022e-05 0)
(0.935401 -4.13658e-05 0)
(0.935403 -5.03741e-05 0)
(0.875969 -4.01153e-06 0)
(0.875972 -5.59241e-06 0)
(0.875975 -7.81409e-06 0)
(0.875977 -1.0892e-05 0)
(0.87598 -1.50202e-05 0)
(0.875978 -2.00974e-05 0)
(0.875977 -2.65368e-05 0)
(0.875988 -3.67562e-05 0)
(0.876003 -5.04706e-05 0)
(0.875997 -6.15453e-05 0)
(0.796673 -4.45216e-06 0)
(0.796675 -6.067e-06 0)
(0.796677 -8.34475e-06 0)
(0.796678 -1.14959e-05 0)
(0.796679 -1.57625e-05 0)
(0.796675 -2.09282e-05 0)
(0.796672 -2.75075e-05 0)
(0.796679 -3.85228e-05 0)
(0.796689 -5.36261e-05 0)
(0.796675 -6.58262e-05 0)
(0.697415 -4.23596e-06 0)
(0.697416 -5.73104e-06 0)
(0.697417 -7.67421e-06 0)
(0.697418 -1.05641e-05 0)
(0.697417 -1.43495e-05 0)
(0.697412 -1.90409e-05 0)
(0.697405 -2.50504e-05 0)
(0.697409 -3.58164e-05 0)
(0.697414 -5.09842e-05 0)
(0.697393 -6.35159e-05 0)
(0.578163 -3.47928e-06 0)
(0.578164 -4.51358e-06 0)
(0.578164 -6.02558e-06 0)
(0.578163 -8.1535e-06 0)
(0.578162 -1.11544e-05 0)
(0.578155 -1.48146e-05 0)
(0.578147 -1.94909e-05 0)
(0.578148 -2.85617e-05 0)
(0.578149 -4.24754e-05 0)
(0.578123 -5.42636e-05 0)
(0.438904 -2.10408e-06 0)
(0.438904 -2.69377e-06 0)
(0.438904 -3.57319e-06 0)
(0.438902 -4.80662e-06 0)
(0.438901 -6.64284e-06 0)
(0.438894 -8.94313e-06 0)
(0.438886 -1.15646e-05 0)
(0.438886 -1.65697e-05 0)
(0.438883 -2.94171e-05 0)
(0.438855 -4.31837e-05 0)
(0.279646 -4.8363e-07 0)
(0.279646 -8.43215e-07 0)
(0.279645 -1.19305e-06 0)
(0.279644 -1.62877e-06 0)
(0.279643 -2.29798e-06 0)
(0.279638 -4.10814e-06 0)
(0.279633 -5.68513e-06 0)
(0.27963 -8.96584e-06 0)
(0.279622 -1.43204e-05 0)
(0.279606 -2.85925e-05 0)
(0.100433 -1.679e-08 0)
(0.100433 -1.5785e-08 0)
(0.100433 8.41267e-09 0)
(0.100433 3.13129e-08 0)
(0.100433 -2.8094e-07 0)
(0.10043 -1.00662e-06 0)
(0.100426 1.07457e-06 0)
(0.100429 6.73564e-06 0)
(0.100425 -7.48629e-06 0)
(0.100397 -2.07847e-05 0)
)
;

boundaryField
{
    inlet
    {
        type            fixedValue;
        value           uniform (0.667 0 0);
    }
    outlet
    {
        type            zeroGradient;
    }
    upperWall
    {
        type            noSlip;
    }
    lowerWall
    {
        type            noSlip;
    }
    frontAndBack
    {
        type            empty;
    }
}


// ************************************************************************* //
